4.932571351528167725e-01
-2.930433452129364014e-01
-1.429982423782348633e+00
-5.814082622528076172e-01
1.705212742090225220e-01
1.900693774223327637e+00
2.866427302360534668e-01
1.093706369400024414e+00
-5.860341191291809082e-01
-1.351805329322814941e+00
-2.202135622501373291e-01
1.001172780990600586e+00
3.163355588912963867e-01
-2.006609916687011719e+00
8.005332201719284058e-02
1.574373394250869751e-01
-5.216267108917236328e-01
1.514241099357604980e-01
-6.613346189260482788e-02
-2.823554277420043945e-01
7.848703861236572266e-01
-4.415612816810607910e-01
1.601762294769287109e+00
-1.170395255088806152e+00
8.962495923042297363e-01
5.609396100044250488e-01
-2.233864068984985352e+00
-1.587542891502380371e+00
-1.159855365753173828e+00
2.087378740310668945e+00
1.288553118705749512e+00
3.025191128253936768e-01
3.164302408695220947e-01
3.144604563713073730e-01
-9.170141220092773438e-01
-1.820228934288024902e+00
1.244928091764450073e-01
7.731407880783081055e-01
-2.163028717041015625e+00
-6.051474809646606445e-01
8.774964213371276855e-01
-4.380545914173126221e-01
1.642042756080627441e+00
-1.353729605674743652e+00
2.027404308319091797e+00
3.078306019306182861e-01
-1.792300194501876831e-01
6.181732192635536194e-02
-1.191341355443000793e-01
1.029953002929687500e+00
-1.378340244293212891e+00
-1.107365965843200684e+00
-7.936751246452331543e-01
-7.302759289741516113e-01
-5.025387406349182129e-01
-7.193539738655090332e-01
2.253370523452758789e+00
1.690017282962799072e-01
-6.100274324417114258e-01
-1.757396757602691650e-01
8.546898961067199707e-01
1.613057851791381836e+00
6.426613330841064453e-01
-2.079137414693832397e-02
-2.451416105031967163e-01
4.054892435669898987e-02
5.155428647994995117e-01
-1.498788833618164062e+00
-4.512588307261466980e-02
-2.926257848739624023e-01
8.044759035110473633e-01
-3.651424050331115723e-01
-2.978048026561737061e-01
-8.993511199951171875e-01
3.017939329147338867e-01
1.822390198707580566e+00
4.236718267202377319e-02
-2.308377981185913086e+00
1.096271127462387085e-01
-1.718148827552795410e+00
7.644755840301513672e-01
1.269089102745056152e+00
-1.773126721382141113e+00
1.651239097118377686e-01
-1.557684063911437988e+00
1.721504926681518555e+00
8.654562234878540039e-01
-8.656793832778930664e-01
-1.179820656776428223e+00
4.385336935520172119e-01
-1.235006928443908691e+00
-5.023000240325927734e-01
-9.348934888839721680e-02
5.661638453602790833e-02
-6.283324956893920898e-02
1.104495078325271606e-01
-4.817319512367248535e-01
2.236816167831420898e+00
-6.861401200294494629e-01
4.343211278319358826e-02
