1.188690304756164551e+00
8.365543484687805176e-01
1.125795483589172363e+00
1.504980683326721191e+00
-1.594939529895782471e-01
8.995884656906127930e-01
1.857549548149108887e+00
-9.200177192687988281e-01
-9.961796998977661133e-01
2.651723027229309082e-01
-1.091401934623718262e+00
-2.729565836489200592e-02
-9.280056357383728027e-01
-4.209598004817962646e-01
-1.204657554626464844e+00
-8.115982413291931152e-01
2.482229024171829224e-01
1.123416572809219360e-01
-1.283477544784545898e+00
4.529066681861877441e-01
-2.160941809415817261e-02
2.020224034786224365e-01
-4.792805314064025879e-01
-6.110526323318481445e-01
1.562108039855957031e+00
-8.093799352645874023e-01
1.086439847946166992e+00
-1.325632095336914062e+00
-4.708660542964935303e-01
1.827419400215148926e+00
3.751490414142608643e-01
-6.301603317260742188e-01
-8.298044800758361816e-01
2.197805047035217285e-01
-5.016043186187744141e-01
7.963001728057861328e-01
-1.680185556411743164e+00
-4.818229973316192627e-01
5.044924616813659668e-01
6.655272245407104492e-01
8.115312457084655762e-01
1.949808001518249512e+00
9.909505397081375122e-02
5.943849682807922363e-01
-9.208735227584838867e-01
1.128681182861328125e+00
-4.326969683170318604e-01
1.062115192413330078e+00
2.647985517978668213e-01
1.511002182960510254e+00
-1.718421727418899536e-01
1.138573169708251953e+00
6.844476461410522461e-01
5.645000934600830078e-01
8.131619691848754883e-01
-1.403316140174865723e+00
8.635432720184326172e-01
-1.010530591011047363e+00
-1.373733282089233398e+00
5.435107350349426270e-01
-1.485508084297180176e-01
9.329480677843093872e-02
-8.298243582248687744e-02
-1.305461525917053223e+00
-1.457252979278564453e+00
-1.420226454734802246e+00
-3.967587277293205261e-02
-6.625373363494873047e-01
-1.190862536430358887e+00
1.019601583480834961e+00
3.405462205410003662e-01
-5.692161321640014648e-01
9.787760376930236816e-01
-3.166206181049346924e-01
6.722876429557800293e-01
2.601779997348785400e-01
1.307101130485534668e+00
-1.358451366424560547e+00
1.280448120087385178e-02
-1.009428977966308594e+00
1.474392294883728027e+00
-1.145629525184631348e+00
-5.456128343939781189e-02
-7.579417228698730469e-01
-1.736070960760116577e-01
-1.682634800672531128e-01
3.959309756755828857e-01
9.206209182739257812e-01
-1.001242876052856445e+00
9.433892369270324707e-01
-6.205473542213439941e-01
1.747331380844116211e+00
1.368641704320907593e-01
-1.363356351852416992e+00
2.122551679611206055e+00
-1.410030007362365723e+00
-1.679656386375427246e+00
7.179743051528930664e-01
-4.554910063743591309e-01
2.897526323795318604e-01
