-4.081396460533142090e-01
1.389881134033203125e+00
-4.463657736778259277e-01
7.105147242546081543e-01
7.737767696380615234e-02
-4.480971097946166992e-01
-3.046720623970031738e-01
-1.390196084976196289e-01
-1.345640063285827637e+00
1.527125597000122070e+00
4.490042626857757568e-01
2.968046665191650391e-01
2.137641906738281250e+00
1.658696413040161133e+00
-6.700493097305297852e-01
1.576222896575927734e+00
-1.505478382110595703e+00
-2.967149317264556885e-01
1.720769286155700684e+00
7.053249478340148926e-01
1.635703295469284058e-01
-8.568741083145141602e-01
1.553796082735061646e-01
-2.631308078765869141e+00
-4.342909529805183411e-02
1.072926759719848633e+00
1.053732335567474365e-01
2.580901384353637695e-01
2.074409484863281250e+00
-1.534182429313659668e+00
-2.462847381830215454e-01
-7.058869302272796631e-02
-1.895969867706298828e+00
-1.124396562576293945e+00
-5.480186939239501953e-01
1.065561413764953613e+00
4.270262718200683594e-01
3.498531579971313477e-01
3.902800679206848145e-01
2.191447839140892029e-02
8.654437214136123657e-02
4.248852282762527466e-02
-1.113069429993629456e-01
5.442109704017639160e-01
-3.246975839138031006e-01
1.792586892843246460e-01
-5.271995663642883301e-01
2.108802050352096558e-01
-6.398339867591857910e-01
5.932785868644714355e-01
-1.617462754249572754e+00
-6.478318572044372559e-01
-6.328100562095642090e-01
-2.333001643419265747e-01
-5.146991461515426636e-02
7.659691385924816132e-03
-9.441230893135070801e-01
-2.377383410930633545e-01
4.858860671520233154e-01
8.694793581962585449e-01
-4.791087806224822998e-01
9.667592048645019531e-01
-1.149306774139404297e+00
-2.599259853363037109e+00
7.893691658973693848e-01
-6.790252327919006348e-01
4.707713723182678223e-01
2.576415836811065674e-01
5.018953680992126465e-01
-5.145369768142700195e-01
-1.093915700912475586e-01
1.063477039337158203e+00
2.817068099975585938e+00
1.771318018436431885e-01
1.822707891464233398e+00
6.382432579994201660e-01
5.876599550247192383e-01
2.318542957305908203e+00
4.546640515327453613e-01
-1.036031126976013184e+00
1.988063156604766846e-01
-1.742373824119567871e+00
1.128112554550170898e+00
-5.715597271919250488e-01
-4.118082672357559204e-02
-4.477159380912780762e-01
-1.077286992222070694e-02
3.087926208972930908e-01
5.094854235649108887e-01
-6.645163297653198242e-01
8.402011990547180176e-01
-4.683027565479278564e-01
-2.247115820646286011e-01
1.047372102737426758e+00
1.331627726554870605e+00
2.863135933876037598e-01
-4.273963719606399536e-02
1.780299305915832520e+00
-1.871561884880065918e+00
-3.785552456974983215e-02
