5.880944728851318359e-01
4.685467183589935303e-01
8.137999773025512695e-01
-1.099761128425598145e+00
-2.447856962680816650e-01
-1.818341493606567383e+00
4.616498947143554688e-01
2.036370635032653809e-01
1.381999611854553223e+00
-9.415863156318664551e-01
-4.882872700691223145e-01
1.703840732574462891e+00
-3.496712446212768555e-01
-3.048106431961059570e-01
2.197736501693725586e-01
8.962026834487915039e-01
-1.930851817131042480e+00
4.575657472014427185e-02
-2.238692045211791992e+00
-2.586878836154937744e-01
-6.654018759727478027e-01
-7.365908622741699219e-01
1.067313551902770996e+00
-1.943875998258590698e-01
-5.304459333419799805e-01
-5.448368191719055176e-01
-6.296417713165283203e-01
-9.999472498893737793e-01
6.308132410049438477e-01
7.463294267654418945e-01
1.729592919349670410e+00
1.521614909172058105e+00
-5.919186472892761230e-01
6.365999579429626465e-01
8.878348469734191895e-01
-5.873399972915649414e-01
2.048581600189208984e+00
1.518975973129272461e+00
3.139230012893676758e-01
1.183421492576599121e+00
1.623812198638916016e+00
-1.089246749877929688e+00
5.532290339469909668e-01
-1.043366551399230957e+00
-1.574704796075820923e-01
-8.125030994415283203e-01
6.654553413391113281e-01
-4.972633421421051025e-01
-2.181200385093688965e-01
6.589029431343078613e-01
-1.825422406196594238e+00
1.416938900947570801e+00
1.095133066177368164e+00
8.053709268569946289e-01
-1.375602841377258301e+00
-3.413780033588409424e-01
-2.871373653411865234e+00
-1.260088324546813965e+00
-1.200188994407653809e+00
-1.343949139118194580e-02
-1.664754509925842285e+00
1.877640374004840851e-02
-3.592765331268310547e-02
-1.115205883979797363e-01
-4.397316575050354004e-01
9.761992096900939941e-01
-6.562437415122985840e-01
-3.619120121002197266e-01
6.382725834846496582e-01
4.478836655616760254e-01
1.051349878311157227e+00
-1.009681463241577148e+00
1.967050075531005859e+00
-1.422284245491027832e+00
9.729281812906265259e-02
-1.541629284620285034e-01
7.233023643493652344e-01
-1.148796916007995605e+00
1.777879834175109863e+00
8.026950806379318237e-02
-8.567039370536804199e-01
1.434960842132568359e+00
7.316064834594726562e-01
-8.145602345466613770e-01
1.373249411582946777e+00
-3.571509718894958496e-01
1.125627636909484863e+00
-1.374688506126403809e+00
5.354153513908386230e-01
-7.087136507034301758e-01
7.001010775566101074e-01
1.078243970870971680e+00
-8.126144856214523315e-02
2.796972990036010742e-01
-2.020606756210327148e+00
-1.115217208862304688e+00
2.321917116641998291e-01
-1.101524755358695984e-01
-6.359498947858810425e-02
-3.088614940643310547e-01
