1.087197899818420410e+00
2.083926439285278320e+00
1.028360962867736816e+00
1.101479232311248779e-01
-1.168013930320739746e+00
-1.472032070159912109e+00
3.925021886825561523e-01
-9.237367510795593262e-01
4.632952809333801270e-01
8.863229155540466309e-01
1.562616109848022461e+00
6.105324625968933105e-01
-8.521092534065246582e-01
-5.509038567543029785e-01
-4.482308626174926758e-01
-5.635828375816345215e-01
-6.268321871757507324e-01
-1.922456920146942139e-02
1.859674751758575439e-01
-1.107366085052490234e+00
1.356108427047729492e+00
-1.032709240913391113e+00
6.334238648414611816e-01
2.150414228439331055e+00
-2.578854560852050781e-01
3.004194498062133789e-01
-7.625994086265563965e-02
1.036486178636550903e-01
7.773538231849670410e-01
-5.259433388710021973e-01
6.250064969062805176e-01
-8.775024674832820892e-03
1.414941787719726562e+00
-1.038746237754821777e+00
3.867031931877136230e-01
-7.576398253440856934e-01
1.433122634887695312e+00
-4.063657522201538086e-01
4.129072129726409912e-01
-1.613074094057083130e-01
-1.320969820022583008e+00
-1.012006998062133789e+00
1.638407856225967407e-01
-1.458054661750793457e+00
-3.881417959928512573e-02
-4.097363352775573730e-01
-2.196838140487670898e+00
8.021715283393859863e-01
1.463400572538375854e-01
-1.139204382896423340e+00
-6.149173974990844727e-01
-1.195119500160217285e+00
1.497923731803894043e-01
-1.490787506103515625e+00
4.064872860908508301e-01
-8.157660365104675293e-01
8.033204078674316406e-01
5.805922746658325195e-01
3.453896760940551758e+00
5.332739353179931641e-01
1.851799726486206055e+00
2.079046815633773804e-01
6.970610469579696655e-02
2.749478340148925781e+00
-3.236369788646697998e-01
-5.380907654762268066e-02
1.503831863403320312e+00
4.713034033775329590e-01
-8.851025700569152832e-01
1.038408726453781128e-01
1.102132916450500488e+00
3.542531490325927734e+00
1.081569552421569824e+00
1.576439887285232544e-01
-5.613146722316741943e-02
2.353374481201171875e+00
1.469080567359924316e+00
-3.375421762466430664e-01
-5.930398404598236084e-02
1.223301887512207031e+00
4.951414763927459717e-01
9.248691052198410034e-02
5.343962907791137695e-01
6.379051804542541504e-01
1.302473664283752441e+00
2.011882811784744263e-01
-1.822759956121444702e-01
9.385576844215393066e-01
2.069503813982009888e-01
-3.462160229682922363e-01
-5.606667995452880859e-01
-6.696594357490539551e-01
4.155096411705017090e-01
-1.178466200828552246e+00
1.891824722290039062e+00
-2.023338556289672852e+00
3.348038345575332642e-02
5.331624150276184082e-01
7.861071825027465820e-01
-5.796172618865966797e-01
