1.289530277252197266e+00
2.640540122985839844e+00
-2.777876257896423340e-01
1.576711654663085938e+00
4.433901235461235046e-02
6.808186769485473633e-01
2.075624465942382812e+00
-9.554926156997680664e-01
1.104766964912414551e+00
-4.503116607666015625e-01
-1.034497618675231934e+00
-9.010143280029296875e-01
-7.911189794540405273e-01
-1.311719536781311035e+00
2.185701131820678711e-01
1.470965623855590820e+00
-6.932725310325622559e-01
9.392505288124084473e-01
-9.287087321281433105e-01
3.608909621834754944e-02
5.059592127799987793e-01
2.496223926544189453e+00
-4.448824226856231689e-01
-8.847022652626037598e-01
3.126010596752166748e-01
-4.049757421016693115e-01
-5.506399646401405334e-02
4.689482450485229492e-01
1.483766287565231323e-01
1.247373968362808228e-01
-9.848027825355529785e-01
-6.385697722434997559e-01
3.602686524391174316e-01
8.677677512168884277e-01
-8.424951434135437012e-01
-1.577431112527847290e-01
-9.363801479339599609e-01
1.685427315533161163e-02
6.110148504376411438e-02
-5.363992452621459961e-01
-2.133278369903564453e+00
4.571022987365722656e-01
-2.148659676313400269e-01
2.592392444610595703e+00
-7.403219342231750488e-01
-4.772820472717285156e-01
-4.241769313812255859e-01
-9.650843217968940735e-03
-1.417762756347656250e+00
-6.121278405189514160e-01
-7.138488292694091797e-01
-1.233807682991027832e+00
4.883175194263458252e-01
7.419465184211730957e-01
-1.046369075775146484e+00
-3.393533229827880859e-01
7.066816687583923340e-01
-1.255197525024414062e+00
5.534676909446716309e-01
1.657433271408081055e+00
5.848396420478820801e-01
-1.949577033519744873e-01
-1.546926498413085938e+00
-8.022550493478775024e-02
1.049238681793212891e+00
-1.169709801673889160e+00
-1.141221150755882263e-01
-1.388746500015258789e+00
-1.559004783630371094e+00
1.044124245643615723e+00
-4.113856852054595947e-01
-8.867467045783996582e-01
1.392646431922912598e-01
1.035480648279190063e-01
1.672361493110656738e+00
4.066222310066223145e-01
-8.753980994224548340e-01
-6.307649016380310059e-01
5.889446139335632324e-01
-1.821104735136032104e-01
-1.109454631805419922e+00
1.019397020339965820e+00
-1.304433107376098633e+00
9.566752910614013672e-01
1.929408788681030273e+00
-1.759201765060424805e+00
1.115762829780578613e+00
5.021434426307678223e-01
-1.121854260563850403e-01
-1.058456182479858398e+00
-7.341600656509399414e-01
6.084136664867401123e-02
-4.286634922027587891e-01
-4.207138717174530029e-01
7.154691219329833984e-01
1.013893604278564453e+00
7.179882526397705078e-01
1.174715980887413025e-01
-5.128745436668395996e-01
1.521732211112976074e-01
