-1.426973223686218262e+00
-1.826150417327880859e-01
-9.752039313316345215e-01
-1.267820239067077637e+00
-2.249955236911773682e-01
4.378019273281097412e-01
9.315619468688964844e-01
-1.049898147583007812e+00
2.718179941177368164e+00
1.846243292093276978e-01
-2.671878635883331299e-01
1.101899266242980957e+00
7.385480999946594238e-01
1.370088815689086914e+00
-6.039166450500488281e-01
8.279646188020706177e-02
6.701207756996154785e-01
-1.875451922416687012e+00
-1.258594393730163574e+00
4.534943401813507080e-02
-1.094069704413414001e-01
6.874561309814453125e-01
1.627694517374038696e-01
-3.451831936836242676e-01
1.918048113584518433e-01
-5.499240159988403320e-01
-1.281939029693603516e+00
4.053632318973541260e-01
1.707230567932128906e+00
-6.763964891433715820e-01
-9.134223461151123047e-01
3.198090195655822754e-01
1.369931548833847046e-01
-1.205499172210693359e+00
-1.605402112007141113e+00
-1.027573227882385254e+00
2.578777968883514404e-01
-1.851092934608459473e+00
1.105406165122985840e+00
-3.684387803077697754e-01
-1.961000084877014160e+00
-8.374229073524475098e-02
9.298384785652160645e-01
-1.031638860702514648e+00
-1.248941659927368164e+00
7.465846538543701172e-01
7.115438580513000488e-02
-2.222527563571929932e-01
-8.625317811965942383e-01
6.187705397605895996e-01
4.939271807670593262e-01
-5.953356027603149414e-01
1.897716969251632690e-01
-3.411938250064849854e-02
1.820472180843353271e-01
-1.758421301841735840e+00
3.116274066269397736e-02
4.422830641269683838e-01
-1.710106730461120605e+00
-7.637421488761901855e-01
-1.424878358840942383e+00
-2.472162544727325439e-01
1.809405803680419922e+00
-3.649858385324478149e-02
-1.022902369499206543e+00
-2.132737636566162109e+00
-9.221962690353393555e-01
6.083738207817077637e-01
1.610480189323425293e+00
-1.467746734619140625e+00
3.258335345890372992e-04
-1.073413372039794922e+00
1.793885469436645508e+00
1.303767263889312744e-01
1.110330298542976379e-01
5.273096561431884766e-01
2.273691445589065552e-01
-5.321563482284545898e-01
8.942157030105590820e-01
1.017934799194335938e+00
-2.865044772624969482e-01
8.735153079032897949e-02
-3.242165446281433105e-01
5.634778738021850586e-01
-6.572996079921722412e-02
5.749320387840270996e-01
9.203503727912902832e-01
8.739547729492187500e-01
3.683072328567504883e-01
3.632713556289672852e-01
4.223067164421081543e-01
7.993549108505249023e-02
-1.895931005477905273e+00
-9.643256664276123047e-01
1.608582019805908203e+00
-7.453828454017639160e-01
-2.631007730960845947e-01
6.067456603050231934e-01
-3.822374641895294189e-01
1.074618339538574219e+00
