-7.415620684623718262e-01
1.127264022827148438e+00
5.011130571365356445e-01
-9.559150338172912598e-01
2.614327669143676758e+00
5.777125954627990723e-01
-3.760532438755035400e-01
-2.552160620689392090e-01
-2.321933507919311523e-01
-1.546263933181762695e+00
-8.913791179656982422e-02
-1.108974516391754150e-01
1.676689505577087402e+00
-6.287344098091125488e-01
5.052473545074462891e-01
3.861861228942871094e-01
1.107982277870178223e+00
8.788702487945556641e-01
-2.588080167770385742e-01
-1.937691122293472290e-01
-1.127074956893920898e+00
9.406822323799133301e-01
2.347494959831237793e-01
-8.248607516288757324e-01
6.560308337211608887e-01
-6.016634106636047363e-01
1.778877019882202148e+00
1.426102757453918457e+00
-2.661218643188476562e-01
-8.473461121320724487e-02
8.508109450340270996e-01
-1.034791946411132812e+00
-1.791591048240661621e+00
-1.036154508590698242e+00
-3.213827311992645264e-01
-1.489928007125854492e+00
1.113615989685058594e+00
1.616751909255981445e+00
6.189219951629638672e-01
-8.898625373840332031e-01
3.534926474094390869e-02
-1.725440740585327148e+00
2.496904283761978149e-01
-3.924701809883117676e-01
-7.181943655014038086e-01
1.391583681106567383e-01
-1.057624101638793945e+00
-3.950697481632232666e-01
1.548499226570129395e+00
-7.548290491104125977e-01
4.534983038902282715e-01
3.059434294700622559e-01
2.423444688320159912e-01
9.848479628562927246e-01
5.784172415733337402e-01
7.636895179748535156e-01
-1.317496180534362793e+00
1.955886721611022949e+00
-6.931913495063781738e-01
1.869201064109802246e+00
-5.395485162734985352e-01
-2.944216132164001465e-01
-3.985907733440399170e-01
-1.096086502075195312e+00
-4.145337641239166260e-01
-2.584637105464935303e-01
-8.310537338256835938e-01
-1.429445028305053711e+00
1.128009520471096039e-02
5.337594151496887207e-01
7.461098432540893555e-01
1.344168663024902344e+00
-8.766347169876098633e-01
4.961280226707458496e-01
9.350427389144897461e-01
2.046167135238647461e+00
1.099971771240234375e+00
7.412121295928955078e-01
9.924963712692260742e-01
-3.118522167205810547e+00
-8.732862472534179688e-01
6.991334259510040283e-02
1.703157067298889160e+00
1.787140071392059326e-01
-6.453436017036437988e-01
-2.708693742752075195e-01
2.420465946197509766e+00
-4.861296415328979492e-01
3.124841153621673584e-01
7.077584266662597656e-01
5.210851430892944336e-01
2.610348761081695557e-01
1.135834574699401855e+00
3.653354197740554810e-02
-4.842399060726165771e-02
3.354760408401489258e-01
-3.051833808422088623e-01
1.223878502845764160e+00
1.219857692718505859e+00
1.042952775955200195e+00
