1.310212373733520508e+00
-8.422407507896423340e-01
8.001642227172851562e-01
1.117482304573059082e+00
9.884117245674133301e-01
1.993009746074676514e-01
-9.792117476463317871e-01
7.000353336334228516e-01
4.898223280906677246e-01
-6.135873794555664062e-01
-4.264409840106964111e-01
-5.185850262641906738e-01
5.960203409194946289e-01
-3.297151923179626465e-01
1.957705140113830566e+00
-1.368638873100280762e-01
-4.946428537368774414e-01
3.790400922298431396e-01
3.104358613491058350e-01
1.350620627403259277e+00
2.582393288612365723e-01
4.265587776899337769e-03
-2.521429359912872314e-01
-3.810789287090301514e-01
-7.176399827003479004e-01
-7.828451395034790039e-01
-6.626095771789550781e-01
-3.310144543647766113e-01
2.957801222801208496e-01
3.991424441337585449e-01
6.040893793106079102e-01
-1.058213114738464355e+00
-9.756874442100524902e-01
1.238258704543113708e-01
-5.923630297183990479e-02
-9.152052998542785645e-01
1.833845257759094238e+00
-5.545383095741271973e-01
6.484862565994262695e-01
-3.808359801769256592e-01
6.284396648406982422e-01
1.055836439132690430e+00
1.331090688705444336e+00
1.076563596725463867e+00
-7.569361329078674316e-01
-1.157974004745483398e+00
-1.270956844091415405e-01
-6.379035115242004395e-01
-1.786126196384429932e-01
-4.087221920490264893e-01
-9.061998128890991211e-01
-5.810257792472839355e-01
-1.345508217811584473e+00
-1.208415720611810684e-02
-2.023099184036254883e+00
-1.305755138397216797e+00
8.290512561798095703e-01
2.867141067981719971e-01
-1.008106350898742676e+00
1.574278920888900757e-01
-8.057256788015365601e-02
-3.722477331757545471e-02
1.332107424736022949e+00
1.783548355102539062e+00
-1.342891305685043335e-01
-3.358861207962036133e-01
-8.668299317359924316e-01
-8.988740444183349609e-01
-4.196525812149047852e-01
-8.139864802360534668e-01
-1.911704659461975098e+00
-1.179343700408935547e+00
-1.034130454063415527e-01
4.725137352943420410e-01
-6.898216009140014648e-01
-6.257986426353454590e-01
2.670897543430328369e-01
-3.846662938594818115e-01
-1.069752454757690430e+00
-6.490405201911926270e-01
-7.516049146652221680e-01
-8.135992288589477539e-01
-1.362680196762084961e-01
-2.139606475830078125e+00
-1.015319228172302246e+00
5.770215392112731934e-01
1.809831500053405762e+00
-2.545276165008544922e+00
9.114922285079956055e-01
2.282358169555664062e+00
-7.598934769630432129e-01
-1.902224302291870117e+00
-6.593310832977294922e-01
-1.788465499877929688e+00
-9.485633969306945801e-01
-9.326805360615253448e-03
-8.755080699920654297e-01
-1.817308217287063599e-01
-6.701058745384216309e-01
1.850583255290985107e-01
