2.402712106704711914e-01
-2.617426514625549316e-01
9.424223303794860840e-01
9.188584983348846436e-02
3.701005876064300537e-01
-8.600252866744995117e-01
1.459418416023254395e+00
-4.471552968025207520e-01
-9.006067365407943726e-02
2.250417232513427734e+00
6.981332302093505859e-01
-4.718600809574127197e-01
2.469311714172363281e+00
-9.290997982025146484e-01
9.660902619361877441e-01
6.923307180404663086e-01
1.392174482345581055e+00
-2.812730967998504639e-01
-1.075238466262817383e+00
-9.655001759529113770e-01
2.690320730209350586e+00
5.941807478666305542e-02
-1.067658066749572754e+00
6.269010305404663086e-01
9.890557825565338135e-02
4.870309531688690186e-01
-1.658808708190917969e+00
-6.784180998802185059e-01
3.585411787033081055e+00
1.695570722222328186e-02
-4.122468531131744385e-01
-8.935834765434265137e-01
-3.571122288703918457e-01
1.431075334548950195e+00
-1.082882955670356750e-01
-2.321792364120483398e+00
1.090082287788391113e+00
-6.421447992324829102e-01
-3.670770907774567604e-03
-8.020262718200683594e-01
-2.169419527053833008e-01
6.526733934879302979e-02
1.570295840501785278e-01
1.549924969673156738e+00
-1.642577797174453735e-01
1.224836826324462891e+00
2.075010687112808228e-01
-1.629906535148620605e+00
-1.685070693492889404e-01
-5.717516541481018066e-01
-4.371280074119567871e-01
-7.247506976127624512e-01
4.197334051132202148e-01
1.203331470489501953e+00
1.958801895380020142e-01
-4.055697843432426453e-02
2.201762944459915161e-01
3.575626611709594727e-01
-1.145368933677673340e+00
2.146768331527709961e+00
5.908468365669250488e-01
2.008649110794067383e+00
6.383132934570312500e-02
-2.346220761537551880e-01
3.319935798645019531e-01
8.772245049476623535e-01
9.145521521568298340e-01
-2.341140270233154297e+00
-6.140415668487548828e-01
1.366343259811401367e+00
-7.402786612510681152e-01
1.662810921669006348e+00
-1.105573415756225586e+00
-1.199921243824064732e-03
-1.519054412841796875e+00
7.204787731170654297e-01
1.664926528930664062e+00
8.622567057609558105e-01
1.318556785583496094e+00
4.660043418407440186e-01
1.498333364725112915e-01
1.264313697814941406e+00
1.306086540222167969e+00
-4.215203225612640381e-01
4.561810195446014404e-01
-4.952784180641174316e-01
-1.241758227348327637e+00
-2.097718477249145508e+00
-1.011980414390563965e+00
-4.782387614250183105e-01
9.515052437782287598e-01
1.658616364002227783e-01
-6.957443952560424805e-01
-3.666301965713500977e-01
-3.255463242530822754e-01
-1.372422933578491211e+00
4.458733201026916504e-01
4.024303257465362549e-01
-2.093721628189086914e+00
1.403635621070861816e+00
