9.898066520690917969e-01
8.155971765518188477e-01
-1.053553462028503418e+00
1.148720860481262207e+00
3.924143016338348389e-01
3.474744260311126709e-01
-1.261438608169555664e+00
2.560601234436035156e-01
-1.777363657951354980e+00
-1.070561408996582031e+00
9.107901155948638916e-02
-7.282177805900573730e-01
1.219210386276245117e+00
-1.261352300643920898e+00
1.395606994628906250e+00
7.212288975715637207e-01
-9.121742099523544312e-02
4.761210381984710693e-01
-1.352998971939086914e+00
1.323062300682067871e+00
-6.251926422119140625e-01
-1.214415311813354492e+00
-2.762721180915832520e-01
1.419189125299453735e-01
-8.468000888824462891e-01
-9.932057857513427734e-01
3.637092113494873047e-01
-3.278404176235198975e-01
-8.645792603492736816e-01
-2.344416379928588867e+00
1.941732130944728851e-02
-4.734684228897094727e-01
-1.009437322616577148e+00
-8.709285855293273926e-01
-4.743831455707550049e-01
-1.780709147453308105e+00
-2.414789795875549316e-01
5.336847901344299316e-01
-6.715735793113708496e-02
1.852779150009155273e+00
6.198316812515258789e-02
9.998121261596679688e-01
2.888812124729156494e-01
1.175493478775024414e+00
-4.498166143894195557e-01
1.049425959587097168e+00
3.035620450973510742e-01
7.739302515983581543e-02
1.143476009368896484e+00
-1.451652407646179199e+00
-1.207623362541198730e+00
-5.554870963096618652e-01
2.277131319046020508e+00
-3.318517208099365234e-01
7.660825848579406738e-01
-2.050084829330444336e+00
1.334218502044677734e+00
1.142983078956604004e+00
-8.164088129997253418e-01
1.233944818377494812e-01
6.471224427223205566e-01
-6.544900536537170410e-01
-7.852914333343505859e-01
-3.192438185214996338e-02
-3.463543057441711426e-01
1.786416620016098022e-01
-1.415868401527404785e+00
6.508982181549072266e-01
-7.857630848884582520e-01
5.424286723136901855e-01
-4.244911074638366699e-01
5.615669488906860352e-01
1.679960131645202637e+00
1.399860382080078125e+00
1.754345893859863281e-01
5.197971463203430176e-01
-5.339455008506774902e-01
5.875797867774963379e-01
9.470497965812683105e-01
-5.343990921974182129e-01
-1.613639950752258301e+00
-5.358786582946777344e-01
2.577902674674987793e-01
2.700135707855224609e-01
3.680518269538879395e-02
-1.169021248817443848e+00
-6.643697619438171387e-01
-8.924335837364196777e-01
-8.774606585502624512e-01
-1.562928080558776855e+00
-9.988796114921569824e-01
-1.510186672210693359e+00
8.592551350593566895e-01
-1.700337409973144531e+00
9.460935592651367188e-01
-1.337997555732727051e+00
-1.706611275672912598e+00
-2.677073955535888672e+00
-2.523985803127288818e-01
1.497600555419921875e+00
