-4.185065031051635742e-01
1.340716779232025146e-01
-1.994312167167663574e+00
-3.382005989551544189e-01
-8.726599216461181641e-01
-7.471010684967041016e-01
-3.393237888813018799e-01
9.258399605751037598e-01
-4.389135241508483887e-01
1.169252276420593262e+00
-1.677027493715286255e-01
-1.385910630226135254e+00
-8.538482189178466797e-01
-1.022550463676452637e+00
-1.805475950241088867e+00
-2.975824475288391113e-01
-5.057590603828430176e-01
-1.243542671203613281e+00
-1.818704485893249512e+00
-1.264064073562622070e+00
6.297067403793334961e-01
2.406630992889404297e+00
1.309897780418395996e+00
-3.695213496685028076e-01
7.782927155494689941e-01
9.716532826423645020e-01
1.878316044807434082e+00
1.039414167404174805e+00
1.149240255355834961e+00
2.335417747497558594e+00
-9.209764003753662109e-01
5.692210793495178223e-01
1.900866985321044922e+00
9.415881335735321045e-02
1.693800687789916992e+00
-1.480741500854492188e+00
2.068433284759521484e+00
-1.804522156715393066e+00
5.481582283973693848e-01
-6.427730321884155273e-01
8.398568630218505859e-01
2.030690193176269531e+00
-2.612344324588775635e-01
7.172683477401733398e-01
-4.017778038978576660e-01
-1.428158760070800781e+00
1.445504188537597656e+00
-7.169500589370727539e-01
-2.048989534378051758e+00
-2.516108751296997070e-01
4.861477911472320557e-01
6.405320167541503906e-01
2.164619684219360352e+00
1.411552190780639648e+00
6.016270518302917480e-01
8.698840141296386719e-01
1.414769649505615234e+00
2.257044553756713867e+00
-1.159578710794448853e-01
-2.100685089826583862e-01
-2.353903651237487793e-01
-1.750348448753356934e+00
1.285840868949890137e+00
-4.130898714065551758e-01
2.260661125183105469e+00
6.944662332534790039e-01
-6.116910576820373535e-01
4.106497764587402344e-01
9.455397129058837891e-01
-3.685210347175598145e-01
-8.438358902931213379e-01
5.955310463905334473e-01
1.565858125686645508e+00
-1.298867702484130859e+00
-1.242548704147338867e+00
-1.029843911528587341e-01
-6.630787253379821777e-01
3.569045364856719971e-01
1.801271915435791016e+00
2.333859443664550781e+00
5.155560560524463654e-03
9.291625618934631348e-01
-1.439111471176147461e+00
-1.017049074172973633e+00
1.231042742729187012e+00
9.238747358322143555e-01
-9.303991496562957764e-02
1.952876299619674683e-01
9.654415845870971680e-01
-1.006985783576965332e+00
1.587515473365783691e+00
-2.072267606854438782e-02
1.639721155166625977e+00
2.410501718521118164e+00
1.457145661115646362e-01
2.041551351547241211e+00
4.890883564949035645e-01
6.465651988983154297e-01
-3.029400408267974854e-01
2.364508628845214844e+00
