2.780355811119079590e-01
-4.925976395606994629e-01
-1.177016854286193848e+00
-3.565782010555267334e-01
-4.530421197414398193e-01
-4.143851399421691895e-01
8.816516399383544922e-01
1.448727846145629883e-01
-5.607147887349128723e-02
-1.122429847717285156e+00
5.770797133445739746e-01
5.580881834030151367e-01
3.253585845232009888e-02
3.996769189834594727e-01
7.778736948966979980e-01
-7.192151546478271484e-01
-4.807753562927246094e-01
-1.601690948009490967e-01
2.159708589315414429e-01
1.060433387756347656e-01
3.768588006496429443e-01
-7.798342965543270111e-03
6.137865185737609863e-01
1.151120185852050781e+00
1.149685382843017578e+00
1.282268524169921875e+00
-6.777340173721313477e-01
1.131368517875671387e+00
7.502457499504089355e-01
-6.271399259567260742e-01
-2.896904647350311279e-01
-1.286861419677734375e+00
-1.593719482421875000e+00
1.172104999423027039e-01
-1.002925157546997070e+00
-8.732878565788269043e-01
-7.282552719116210938e-01
-6.314723286777734756e-03
-7.769623398780822754e-01
1.041983604431152344e+00
1.878443807363510132e-01
4.655624628067016602e-01
2.867536842823028564e-01
3.080751597881317139e-01
5.303892493247985840e-01
-8.289145678281784058e-02
-9.832583069801330566e-01
1.841607332229614258e+00
-1.472270369529724121e+00
-1.003764152526855469e+00
6.043421626091003418e-01
-2.843464910984039307e-01
-6.224731802940368652e-01
-7.140170335769653320e-01
-1.041444182395935059e+00
1.383286118507385254e-01
-1.471205428242683411e-02
-1.796937704086303711e+00
2.769375443458557129e-01
-5.815184712409973145e-01
1.825863718986511230e-01
2.843859791755676270e-01
2.799539268016815186e-01
1.257557153701782227e+00
6.037058234214782715e-01
7.699114680290222168e-01
-1.017936468124389648e+00
4.968241155147552490e-01
4.300949573516845703e-01
-4.605112075805664062e-01
9.668610095977783203e-01
2.033756256103515625e+00
-7.632321864366531372e-02
3.246457502245903015e-02
-5.032887458801269531e-01
2.482039928436279297e-01
4.798403680324554443e-01
-9.748203158378601074e-01
-8.410571515560150146e-02
1.126745223999023438e+00
1.038813710212707520e+00
-5.570032596588134766e-01
5.391804575920104980e-01
1.317390203475952148e+00
1.915271282196044922e+00
8.783629536628723145e-01
9.363654851913452148e-01
-2.612401545047760010e-01
-1.864192038774490356e-01
-2.013527870178222656e+00
-7.216177880764007568e-02
-1.322201639413833618e-01
6.883052587509155273e-01
-1.551791310310363770e+00
1.920105576515197754e+00
-6.876542568206787109e-01
3.033153712749481201e-01
-2.372430562973022461e+00
-8.861408233642578125e-01
-8.162319660186767578e-01
