7.061152458190917969e-01
-1.163598060607910156e+00
-1.734366059303283691e+00
7.693082094192504883e-01
1.146949008107185364e-01
-2.229471206665039062e+00
1.582848191261291504e+00
2.028721570968627930e+00
-1.308670639991760254e-01
-8.477329015731811523e-01
-1.691806316375732422e-01
-1.222874045372009277e+00
-1.163893491029739380e-01
-5.539518594741821289e-01
-5.134224295616149902e-01
-6.553886532783508301e-01
3.324920833110809326e-01
-1.314788460731506348e+00
-1.069976925849914551e+00
6.999982595443725586e-01
-1.501807808876037598e+00
-1.076698675751686096e-01
1.935559958219528198e-01
6.659914851188659668e-01
-1.489697456359863281e+00
-1.369815766811370850e-01
1.234092265367507935e-01
1.951908022165298462e-01
4.647748470306396484e-01
-3.122987747192382812e-01
9.350336194038391113e-01
-7.477889060974121094e-01
-5.471367016434669495e-02
1.771593809127807617e+00
1.094746470451354980e+00
-2.542878985404968262e-01
5.422179698944091797e-01
-7.107015848159790039e-01
7.194474339485168457e-01
8.917647004127502441e-01
1.096854090690612793e+00
2.503691017627716064e-01
-1.280480384826660156e+00
-2.162017673254013062e-01
5.651819705963134766e-01
-2.259615182876586914e+00
1.505764961242675781e+00
8.101947903633117676e-01
-5.326990485191345215e-01
-4.931019246578216553e-01
1.126656413078308105e+00
-1.345352172851562500e+00
-1.995728611946105957e-01
-9.505317211151123047e-01
-2.259773015975952148e+00
1.060735955834388733e-01
7.685903906822204590e-01
1.990346312522888184e+00
1.030222177505493164e+00
-6.597414612770080566e-01
-9.230567216873168945e-01
-9.406070113182067871e-01
-1.161773800849914551e+00
1.437023162841796875e+00
-5.976012442260980606e-03
-1.512041687965393066e-01
-2.026257276535034180e+00
2.132620096206665039e+00
-1.296699523925781250e+00
-3.511939048767089844e-01
-4.717578887939453125e-01
-1.538856983184814453e+00
-6.941652894020080566e-01
-9.135115742683410645e-01
2.041982263326644897e-01
-7.804815471172332764e-02
8.385899066925048828e-01
9.067111611366271973e-01
-7.210741043090820312e-01
3.242938220500946045e-01
-1.544285267591476440e-01
-4.506423175334930420e-01
-2.651369273662567139e-01
-7.010963559150695801e-01
2.292085647583007812e+00
1.669944286346435547e+00
5.885821580886840820e-01
1.480891942977905273e+00
9.867554157972335815e-02
9.177137911319732666e-02
-1.101280674338340759e-01
3.610266745090484619e-01
-1.052440047264099121e+00
-2.064304113388061523e+00
4.472584724426269531e-01
1.315566450357437134e-01
1.578374385833740234e+00
3.207881003618240356e-02
-2.407383769750595093e-01
3.138797879219055176e-01
