8.922855257987976074e-01
3.501861691474914551e-01
8.637769520282745361e-02
9.605603814125061035e-01
-2.856132388114929199e-01
-1.465231180191040039e+00
-1.083516702055931091e-01
8.766685724258422852e-01
-7.945827245712280273e-01
4.244209229946136475e-01
3.760294616222381592e-01
9.207009524106979370e-02
1.473458647727966309e+00
-1.520423769950866699e+00
1.507136702537536621e+00
-6.207383051514625549e-02
-1.330667734146118164e+00
1.805485248565673828e+00
-2.192566096782684326e-01
-1.530021548271179199e+00
1.907630801200866699e+00
3.486789762973785400e-01
1.751737594604492188e-01
-1.096556067466735840e+00
-3.584361970424652100e-01
-3.894259333610534668e-01
6.259693205356597900e-02
1.608602643013000488e+00
-1.221339106559753418e+00
-1.619097352027893066e+00
5.917040258646011353e-02
-7.519082427024841309e-01
-2.144610583782196045e-01
5.370558239519596100e-03
-8.243487775325775146e-02
2.130578041076660156e+00
1.331782579421997070e+00
-1.187724918127059937e-01
1.299639701843261719e+00
7.320931553840637207e-01
2.208995342254638672e+00
6.985282301902770996e-01
-1.635956048965454102e+00
7.485619187355041504e-02
-3.478903174400329590e-01
1.348892211914062500e+00
1.876395344734191895e-01
3.468661308288574219e-01
-9.373316168785095215e-01
3.944476321339607239e-02
-1.877857148647308350e-01
-6.623998880386352539e-01
-7.094812393188476562e-01
-1.727212548255920410e+00
5.360203981399536133e-01
3.294039666652679443e-01
-1.020987629890441895e+00
-7.104162871837615967e-02
-3.915410339832305908e-01
6.019738316535949707e-01
2.028292894363403320e+00
3.370010554790496826e-01
-6.874757409095764160e-01
-2.130687952041625977e+00
1.211260557174682617e+00
-3.788299858570098877e-01
-1.916027784347534180e+00
1.189950183033943176e-01
3.582170903682708740e-01
-7.745169401168823242e-01
-1.019918084144592285e+00
-7.370846867561340332e-01
7.481085062026977539e-01
-1.139286637306213379e+00
-1.151932597160339355e+00
-3.194857239723205566e-01
2.084491729736328125e+00
-1.062234520912170410e+00
2.659846842288970947e-01
4.508320391178131104e-01
2.735890150070190430e-01
6.911392807960510254e-01
1.738288521766662598e+00
7.124177813529968262e-01
-4.770348966121673584e-01
8.457667827606201172e-01
1.401051163673400879e+00
-1.085226893424987793e+00
1.755116432905197144e-01
2.490146905183792114e-01
2.456788122653961182e-01
1.487305760383605957e+00
8.124950528144836426e-01
7.862514257431030273e-01
-2.604869008064270020e-02
-2.691991925239562988e-01
-1.046300888061523438e+00
-1.896540045738220215e+00
-4.081264436244964600e-01
2.620678544044494629e-01
