9.751502275466918945e-01
-1.051548838615417480e+00
1.422788262367248535e+00
1.766133606433868408e-01
-9.362244606018066406e-01
5.784421227872371674e-03
-2.809442877769470215e-01
-4.937622845172882080e-01
5.319630727171897888e-02
7.717450857162475586e-01
2.913651168346405029e-01
-1.329354882240295410e+00
1.274437606334686279e-01
1.123810335993766785e-01
1.744948387145996094e+00
-1.504546124488115311e-02
-7.705476284027099609e-01
1.302085399627685547e+00
9.046932458877563477e-01
1.089604616165161133e+00
2.248966455459594727e+00
-1.022895455360412598e+00
-3.341317176818847656e-01
-6.692863255739212036e-02
-7.902965694665908813e-02
-6.926208734512329102e-01
3.450668156147003174e-01
1.420930981636047363e+00
-1.289879918098449707e+00
-1.102891087532043457e+00
1.556608080863952637e-01
-1.006732702255249023e+00
-4.466062486171722412e-01
-2.260230302810668945e+00
-1.411125898361206055e+00
-1.248088836669921875e+00
4.913823604583740234e-01
-4.349687993526458740e-01
1.641641497611999512e+00
-1.206146121025085449e+00
-3.536312282085418701e-02
-2.496455162763595581e-01
-1.183894395828247070e+00
-1.326994538307189941e+00
2.482036828994750977e+00
-2.565456628799438477e+00
-1.690477967262268066e+00
3.652619123458862305e-01
-2.632963180541992188e+00
-1.466823071241378784e-01
9.856689572334289551e-01
1.742050170898437500e+00
1.024968028068542480e-01
1.972899079322814941e+00
1.003102540969848633e+00
-1.498117297887802124e-01
1.089870929718017578e+00
-1.159602165222167969e+00
2.012119531631469727e+00
1.334756135940551758e+00
7.156860232353210449e-01
-6.312400102615356445e-01
-6.029600501060485840e-01
-2.559336721897125244e-01
1.039054155349731445e+00
9.296048283576965332e-01
5.519475340843200684e-01
-2.647079527378082275e-01
-6.777521967887878418e-01
-9.386307597160339355e-01
-5.597696900367736816e-01
-4.474533498287200928e-01
-1.739567965269088745e-01
1.583622097969055176e+00
-1.968875169754028320e+00
-1.852350980043411255e-01
4.034374654293060303e-01
1.002578616142272949e+00
-1.965503215789794922e+00
8.664281964302062988e-01
6.533856987953186035e-01
-4.671503603458404541e-01
1.165332794189453125e-01
-1.609514504671096802e-01
-4.707693457603454590e-01
-1.159920096397399902e+00
5.307546257972717285e-01
6.813798546791076660e-01
-9.831337928771972656e-01
-1.340973615646362305e+00
-5.404972434043884277e-01
-7.829355001449584961e-01
8.501354455947875977e-01
-1.394944190979003906e+00
5.484015345573425293e-01
-1.043513566255569458e-01
-5.551024079322814941e-01
2.966787219047546387e-01
-3.616951704025268555e-01
1.045670032501220703e+00
