-3.716005682945251465e-01
1.945066154003143311e-01
-1.149323225021362305e+00
-1.063442468643188477e+00
1.124940752983093262e+00
-6.372568011283874512e-01
-4.454259201884269714e-02
-3.135237991809844971e-01
2.776581764221191406e+00
2.127580642700195312e+00
9.084468483924865723e-01
2.368113756179809570e+00
-8.401492834091186523e-01
2.174836158752441406e+00
5.249744653701782227e-01
1.939754188060760498e-01
-7.951723933219909668e-01
9.127941131591796875e-01
-7.704409956932067871e-01
8.357678055763244629e-01
-1.690193057060241699e+00
4.083367884159088135e-01
2.068738788366317749e-01
-1.040574073791503906e+00
7.617965936660766602e-01
-4.460160732269287109e-01
6.198356151580810547e-01
1.504132390022277832e+00
8.950060606002807617e-02
3.806065618991851807e-01
8.593355417251586914e-01
-4.652210474014282227e-01
-6.337343454360961914e-01
6.715389490127563477e-01
-1.427582621574401855e+00
-1.044121026992797852e+00
1.888793587684631348e+00
1.640317916870117188e+00
3.118720650672912598e-01
3.990041017532348633e-01
5.683524012565612793e-01
-2.476103901863098145e-01
-1.216286063194274902e+00
-1.481188178062438965e+00
6.354278326034545898e-01
-1.518519163131713867e+00
-1.005351066589355469e+00
-1.123635098338127136e-01
-5.705678090453147888e-02
-1.574817776679992676e+00
-1.369904756546020508e+00
-4.055387526750564575e-02
-2.770079672336578369e-01
-6.729404926300048828e-01
-7.958148121833801270e-01
9.636498242616653442e-02
-8.838641643524169922e-01
1.272527575492858887e+00
1.949533939361572266e+00
3.299697041511535645e-01
1.695038557052612305e+00
1.090860366821289062e-02
3.082503080368041992e-01
9.379099011421203613e-01
-1.302911400794982910e+00
9.284381270408630371e-01
8.213435411453247070e-01
-2.023581042885780334e-02
-2.622388005256652832e-01
-1.900374054908752441e+00
7.185360789299011230e-01
-1.610823750495910645e+00
-1.008068799972534180e+00
3.379970192909240723e-01
-9.191670417785644531e-01
-8.132964372634887695e-02
4.490723609924316406e-01
7.227702140808105469e-01
4.354512095451354980e-01
1.157842993736267090e+00
8.436180949211120605e-01
-1.481346130371093750e+00
4.543045163154602051e-01
2.018485032021999359e-02
9.681110978126525879e-01
-8.908702135086059570e-01
-9.443459510803222656e-01
-1.810135960578918457e+00
1.398922324180603027e+00
3.486509621143341064e-01
1.846325844526290894e-01
-2.079793810844421387e-02
-4.325350224971771240e-01
-1.397823691368103027e+00
2.792786955833435059e-01
-1.533654779195785522e-01
1.461563348770141602e+00
-3.033565580844879150e-01
1.108280181884765625e+00
3.041034042835235596e-01
