-8.838905692100524902e-01
-5.276091098785400391e-01
-1.583703517913818359e+00
1.099511146545410156e+00
-9.050671458244323730e-01
4.787123203277587891e-02
2.026510000228881836e+00
-3.099364936351776123e-01
3.678859174251556396e-01
-3.784444332122802734e-01
8.824947290122509003e-03
8.169434666633605957e-01
2.655745446681976318e-01
1.404837250709533691e+00
3.667492568492889404e-01
1.513380259275436401e-01
-1.505602598190307617e-01
7.034446597099304199e-01
-4.114010632038116455e-01
8.438021540641784668e-01
-9.525803327560424805e-01
-1.263724684715270996e+00
8.416833877563476562e-01
2.898111641407012939e-01
-8.117774724960327148e-01
7.850951552391052246e-01
1.579494774341583252e-02
-2.051179409027099609e+00
2.126876354217529297e+00
-2.867293655872344971e-01
-5.765277426689863205e-03
-6.391215324401855469e-02
6.088544130325317383e-01
6.402213126420974731e-03
-1.967079043388366699e+00
-5.781903862953186035e-01
-4.671480059623718262e-01
-3.633579984307289124e-02
-8.557764887809753418e-01
-2.339474260807037354e-01
-7.654618620872497559e-01
-1.553458690643310547e+00
2.183786928653717041e-01
1.175404191017150879e-01
-3.329697549343109131e-01
-2.363611936569213867e+00
1.558987051248550415e-01
-1.477906465530395508e+00
6.749446392059326172e-01
4.381631016731262207e-01
2.241078950464725494e-02
-2.070774793624877930e+00
2.717292010784149170e-01
3.099748119711875916e-02
1.735861301422119141e+00
5.277713537216186523e-01
-1.804219000041484833e-02
1.364368200302124023e+00
-1.956701874732971191e-01
-1.395775437355041504e+00
1.129166841506958008e+00
3.007440865039825439e-01
-2.327270507812500000e-01
-7.023159861564636230e-01
-1.948963664472103119e-02
-6.471788883209228516e-01
-6.184569597244262695e-01
-1.310068249702453613e+00
1.126580715179443359e+00
-1.173789024353027344e+00
9.744298458099365234e-01
-2.341244697570800781e+00
2.386581599712371826e-01
5.752968788146972656e-01
-1.182576775550842285e+00
5.228152871131896973e-01
-1.194958925247192383e+00
-4.897125661373138428e-01
-4.374209046363830566e-01
2.139376699924468994e-01
5.980749130249023438e-01
9.523470401763916016e-01
-3.681554272770881653e-02
1.598945409059524536e-01
8.737142086029052734e-01
1.186230778694152832e+00
-7.360466718673706055e-01
-2.737767398357391357e-01
1.093872427940368652e+00
4.723762869834899902e-01
9.955797791481018066e-01
1.292616724967956543e+00
-1.543942987918853760e-01
-3.486795723438262939e-01
1.154091954231262207e-02
1.122178912162780762e+00
-1.846919208765029907e-01
-5.391837358474731445e-01
6.756280064582824707e-01
1.183051109313964844e+00
