-2.850759327411651611e-01
5.444955825805664062e-01
2.383991718292236328e+00
1.616947293281555176e+00
3.031379938125610352e+00
2.298393011093139648e+00
-5.805144906044006348e-01
1.315405368804931641e+00
-7.387282252311706543e-01
-1.578353762626647949e+00
-1.124350905418395996e+00
3.093653023242950439e-01
-1.702712893486022949e+00
2.277282953262329102e+00
8.708249032497406006e-02
2.436153888702392578e+00
1.904549956321716309e+00
-3.747524619102478027e-01
-2.202371805906295776e-01
-1.602432250976562500e+00
-1.390700936317443848e+00
-1.092579007148742676e+00
-9.916920065879821777e-01
-5.518848076462745667e-02
6.383208632469177246e-01
1.247490644454956055e+00
6.002634763717651367e-01
-1.815565973520278931e-01
3.747823834419250488e-01
-1.387568950653076172e+00
-4.905965030193328857e-01
2.695963084697723389e-01
-5.381411910057067871e-01
5.427293181419372559e-01
-6.569791436195373535e-01
7.023144364356994629e-01
-8.844975382089614868e-02
6.700453162193298340e-01
2.038276195526123047e+00
4.847997725009918213e-01
6.255545616149902344e-01
-9.601274132728576660e-01
1.021168351173400879e+00
-1.813954591751098633e+00
-8.554819822311401367e-01
2.657578513026237488e-02
3.601769804954528809e-01
-4.921535775065422058e-02
-1.367544084787368774e-01
1.708907008171081543e+00
-1.908468902111053467e-01
2.581531107425689697e-01
1.699322581291198730e+00
-4.490737020969390869e-01
-1.748766660690307617e+00
-6.044960021972656250e-01
-2.803550481796264648e+00
6.036170721054077148e-01
2.529167890548706055e+00
8.215396851301193237e-02
2.724525928497314453e+00
-7.806591391563415527e-01
-3.732989132404327393e-01
-6.375219821929931641e-01
3.631470501422882080e-01
-1.077652454376220703e+00
1.483157634735107422e+00
-2.538310885429382324e-01
-5.283449292182922363e-01
-1.321086734533309937e-01
3.878604173660278320e-01
3.222580552101135254e-01
4.637283682823181152e-01
-1.404860615730285645e+00
-1.033063173294067383e+00
-2.498204112052917480e-01
-1.423826932907104492e+00
4.708072245121002197e-01
-1.109624385833740234e+00
-2.729607224464416504e-01
-7.835556864738464355e-01
7.085264921188354492e-01
1.495200097560882568e-01
1.825546503067016602e+00
-4.220800399780273438e-01
-7.669805288314819336e-01
-1.178896069526672363e+00
-5.265629887580871582e-01
9.062994122505187988e-01
1.581671237945556641e+00
-1.053596138954162598e+00
-1.910282254219055176e+00
-1.472292304039001465e+00
3.162058591842651367e-01
-4.344561100006103516e-01
1.640227675437927246e+00
-7.063468694686889648e-01
-3.020941615104675293e-01
1.493530988693237305e+00
8.373039960861206055e-01
