-6.630857586860656738e-01
1.543480038642883301e+00
3.311621025204658508e-02
-4.809497594833374023e-01
7.860180139541625977e-01
1.848178543150424957e-02
-8.947204947471618652e-01
7.172958850860595703e-01
8.458316326141357422e-02
1.066401243209838867e+00
9.851896762847900391e-01
-8.769578337669372559e-01
-3.064577877521514893e-01
7.059086561203002930e-01
-1.134929656982421875e+00
-6.901738047599792480e-01
7.715393900871276855e-01
-3.514413833618164062e-01
-1.762610673904418945e+00
2.552147805690765381e-01
3.178012967109680176e-01
1.795678496360778809e+00
-7.071928977966308594e-01
-2.582738637924194336e+00
-7.832477688789367676e-01
1.444317936897277832e+00
-1.448110938072204590e+00
-3.678199350833892822e-01
2.012658357620239258e+00
-1.717063486576080322e-01
-5.139370560646057129e-01
1.590382099151611328e+00
-2.326106578111648560e-01
1.703118383884429932e-01
-1.676998883485794067e-01
4.747592508792877197e-01
-6.607953310012817383e-01
-8.884071111679077148e-01
-8.368921875953674316e-01
-8.125527501106262207e-01
4.481464922428131104e-01
-5.999156273901462555e-03
-4.509197175502777100e-01
3.746237233281135559e-02
-5.617142319679260254e-01
-3.262713551521301270e-01
1.706055998802185059e-01
-1.325674533843994141e+00
1.190197587013244629e+00
-9.103741496801376343e-02
-2.293289184570312500e+00
8.895986676216125488e-01
1.272846311330795288e-01
2.097083479166030884e-01
1.205498695373535156e+00
9.761490821838378906e-01
-1.246564984321594238e+00
-1.631244421005249023e-01
-1.561460614204406738e+00
3.699823915958404541e-01
-9.732906520366668701e-02
-7.433642745018005371e-01
3.913714289665222168e-01
-6.540889739990234375e-01
-7.529131174087524414e-01
8.965578079223632812e-01
-4.248296320438385010e-01
-1.019826292991638184e+00
-9.086130261421203613e-01
-5.800214409828186035e-01
2.748230695724487305e-01
1.223243951797485352e+00
8.479516506195068359e-01
-2.028600275516510010e-01
9.647871851921081543e-01
-8.243469595909118652e-01
-3.299940526485443115e-01
-2.702221870422363281e+00
9.904538393020629883e-01
5.115094184875488281e-01
-2.073314338922500610e-01
-5.143862366676330566e-01
-1.142459511756896973e-01
5.474250316619873047e-01
3.987473547458648682e-01
-7.292472720146179199e-01
1.541396617889404297e+00
-3.439908921718597412e-01
-1.136359810829162598e+00
1.081664785742759705e-01
-1.209656238555908203e+00
5.198265314102172852e-01
1.310392260551452637e+00
-1.382612884044647217e-01
-2.698314487934112549e-01
2.378324508666992188e+00
-1.186132788658142090e+00
-1.032227993011474609e+00
-1.669430732727050781e-02
-8.541405200958251953e-02
