1.781632184982299805e+00
9.847604632377624512e-01
-3.702433109283447266e-01
-1.049420475959777832e+00
1.533722877502441406e+00
8.007860183715820312e-01
1.185777068138122559e+00
1.351829290390014648e+00
7.716861963272094727e-01
1.129091024398803711e+00
1.485135436058044434e+00
-5.867686867713928223e-01
-5.071519613265991211e-01
1.502063632011413574e+00
1.331549286842346191e+00
-4.761751890182495117e-01
1.652084112167358398e+00
-3.682167828083038330e-01
1.334890604019165039e+00
-9.123039841651916504e-01
-3.039110004901885986e-01
1.912858337163925171e-01
1.355117678642272949e+00
-8.043535947799682617e-01
1.916656613349914551e+00
1.163184735924005508e-02
-1.508695602416992188e+00
-5.935544967651367188e-01
-1.106691837310791016e+00
2.798552513122558594e-01
2.984004735946655273e+00
1.649040222167968750e+00
-6.236016750335693359e-01
1.310399055480957031e+00
-1.723129510879516602e+00
-5.709041357040405273e-01
7.732565999031066895e-01
-3.718708455562591553e-01
7.010279893875122070e-01
-2.620252966880798340e-01
-5.298143625259399414e-01
1.248803615570068359e+00
-8.170311897993087769e-02
-1.378687381744384766e+00
-1.430389165878295898e+00
7.622950077056884766e-01
-1.648986637592315674e-01
1.751986797899007797e-03
1.360986113548278809e+00
1.377598404884338379e+00
-6.144435405731201172e-01
4.452846571803092957e-02
5.826864242553710938e-01
-1.597636222839355469e+00
-5.579627752304077148e-01
9.080657958984375000e-01
3.396219909191131592e-01
1.276413321495056152e+00
-1.333392262458801270e+00
-9.169308543205261230e-01
1.009886980056762695e+00
-7.389430403709411621e-01
-2.288323879241943359e+00
-5.362304449081420898e-01
8.532562851905822754e-01
1.108707904815673828e+00
-3.260069191455841064e-01
-5.301166176795959473e-01
-2.440225780010223389e-01
2.219432353973388672e+00
2.399256685748696327e-03
5.180639028549194336e-01
4.670295715332031250e-01
1.682994365692138672e+00
-4.656432569026947021e-02
-4.973537027835845947e-01
1.059727430343627930e+00
-1.511940211057662964e-01
1.110954657196998596e-01
1.216211438179016113e+00
-1.802365541458129883e+00
-4.435006380081176758e-01
-1.192152023315429688e+00
3.713063895702362061e-01
2.056488513946533203e+00
-1.984065920114517212e-01
1.119006983935832977e-02
-1.119526267051696777e+00
1.165817618370056152e+00
-1.467116951942443848e+00
5.494477152824401855e-01
-1.743047714233398438e+00
-3.942722082138061523e-01
-1.984928250312805176e-01
-7.082345485687255859e-01
6.964299082756042480e-01
4.821783676743507385e-02
-5.085697770118713379e-01
-8.715414404869079590e-01
6.959685087203979492e-01
