-5.571585297584533691e-01
-1.159913301467895508e+00
3.837404027581214905e-02
-1.874176144599914551e+00
1.565208673477172852e+00
-6.896833777427673340e-01
-1.849756121635437012e+00
1.409097552299499512e+00
-3.163237869739532471e-01
1.100190520286560059e+00
-1.092655777931213379e+00
-4.264531433582305908e-01
4.146082401275634766e-01
-4.501161277294158936e-01
6.343563199043273926e-01
1.904115438461303711e+00
1.148465275764465332e-01
-3.183853328227996826e-01
-1.414301633834838867e+00
-2.975838780403137207e-01
7.583435177803039551e-01
-1.125881448388099670e-01
7.868013978004455566e-01
-7.149184942245483398e-01
1.951318979263305664e+00
5.051425099372863770e-01
6.748098731040954590e-01
-8.845286369323730469e-01
-1.941057682037353516e+00
-7.544912099838256836e-01
-5.809459090232849121e-01
-4.005568921566009521e-01
-1.505556464195251465e+00
-5.007280111312866211e-01
2.258122712373733521e-01
1.775121688842773438e-01
-2.428539276123046875e+00
4.728283286094665527e-01
-4.864043295383453369e-01
-5.459275841712951660e-01
-3.648563623428344727e-01
-7.135837078094482422e-01
-3.116186261177062988e-01
6.679204106330871582e-01
-7.575098872184753418e-01
7.997593283653259277e-01
-2.647540569305419922e-01
-2.179368734359741211e+00
1.023872375488281250e+00
1.243990778923034668e+00
-1.156957030296325684e+00
1.038804426789283752e-01
6.210369467735290527e-01
3.813968598842620850e-01
-1.275699287652969360e-01
3.432256877422332764e-01
-1.286693811416625977e+00
5.702457427978515625e-01
-2.553373575210571289e-01
6.857439875602722168e-01
-9.653661251068115234e-01
-9.818550348281860352e-01
-1.010367393493652344e+00
-5.339586734771728516e-01
-2.306262016296386719e+00
6.480755805969238281e-01
1.039778351783752441e+00
4.755531251430511475e-01
-2.533969581127166748e-01
3.125101625919342041e-01
-4.782118201255798340e-01
2.335537970066070557e-01
1.392756223678588867e+00
1.869151182472705841e-02
1.168368458747863770e+00
-5.575921535491943359e-01
1.298255473375320435e-01
1.166183590888977051e+00
1.531404733657836914e+00
-1.459586262702941895e+00
-1.968796998262405396e-01
-1.537980556488037109e+00
7.765116691589355469e-01
2.072915434837341309e-01
1.027292847633361816e+00
1.574505269527435303e-01
-1.777276396751403809e-01
2.768894433975219727e-01
1.427038669586181641e+00
6.757116317749023438e-01
1.653684496879577637e+00
-4.014915525913238525e-01
7.009139657020568848e-01
1.002165198326110840e+00
-7.014880776405334473e-01
1.040302157402038574e+00
-7.540802955627441406e-01
-4.968639612197875977e-01
-3.680081367492675781e-01
-2.004264831542968750e+00
