1.439845710992813110e-01
4.936131834983825684e-01
5.220485925674438477e-01
-1.116200089454650879e+00
-1.393570065498352051e+00
-6.906591355800628662e-02
1.169619441032409668e+00
-8.381024003028869629e-01
1.214699000120162964e-01
-1.954020112752914429e-01
5.543720722198486328e-01
4.036154225468635559e-02
8.833191394805908203e-01
2.540278434753417969e+00
-8.510027527809143066e-01
2.796720266342163086e-01
1.973906040191650391e+00
7.194280028343200684e-01
6.895828843116760254e-01
1.066377639770507812e+00
-1.364254474639892578e+00
9.676901102066040039e-01
5.860131382942199707e-01
1.374181509017944336e+00
-2.034587115049362183e-01
8.131776750087738037e-02
-5.442478060722351074e-01
-1.072686433792114258e+00
4.498595893383026123e-01
5.236632823944091797e-01
-8.247821331024169922e-01
2.046668291091918945e+00
-6.893538832664489746e-01
8.913413286209106445e-01
-3.968681395053863525e-01
1.867124557495117188e+00
-1.151462554931640625e+00
-4.713802784681320190e-02
-1.775169372558593750e+00
-6.745105385780334473e-01
7.220476269721984863e-01
-1.504862457513809204e-01
2.824355363845825195e-01
1.323646306991577148e+00
5.089240670204162598e-01
5.369746088981628418e-01
-1.965596675872802734e+00
-1.438423395156860352e-01
6.643582582473754883e-01
-5.495936274528503418e-01
6.383965611457824707e-01
-1.787864685058593750e+00
1.316712051630020142e-01
2.517487287521362305e+00
-1.350015521049499512e+00
-8.546751737594604492e-01
3.635466098785400391e-01
2.121526449918746948e-01
-7.093638181686401367e-01
-2.173372209072113037e-01
3.157904446125030518e-01
1.707308292388916016e+00
-3.898811042308807373e-01
-2.010871469974517822e-01
6.919758915901184082e-01
7.368109226226806641e-01
-8.406544923782348633e-01
1.058605909347534180e-01
-2.171390801668167114e-01
-7.912395596504211426e-01
-5.786859989166259766e-01
1.546932339668273926e+00
-1.564677834510803223e+00
1.057573556900024414e+00
-1.600118875503540039e-01
-8.112426102161407471e-02
1.105141520500183105e+00
4.382055625319480896e-02
-7.201242446899414062e-01
-9.074637889862060547e-01
-8.274306058883666992e-01
1.300603389739990234e+00
1.000716924667358398e+00
7.456474900245666504e-01
1.923631429672241211e-01
1.341117173433303833e-01
-9.447039961814880371e-01
3.522451519966125488e-01
-8.658699393272399902e-01
1.059872627258300781e+00
-1.571569085121154785e+00
4.030623137950897217e-01
1.285783052444458008e+00
2.239536762237548828e+00
-9.242762327194213867e-01
2.981581091880798340e-01
6.424694061279296875e-01
-1.634318232536315918e+00
3.916884660720825195e-01
-9.919057041406631470e-02
