-5.852592587471008301e-01
-1.346021413803100586e+00
9.867129921913146973e-01
-8.228616714477539062e-01
-2.050944328308105469e+00
1.299375414848327637e+00
-1.344684362411499023e+00
-3.359572291374206543e-01
-1.626568555831909180e+00
8.863773941993713379e-01
-5.409278869628906250e-01
5.947223305702209473e-01
9.270315170288085938e-01
-1.828326284885406494e-01
-1.232390642166137695e+00
2.590097188949584961e+00
-6.351086497306823730e-01
-1.305990219116210938e-01
4.429159462451934814e-01
5.194081068038940430e-01
-7.505930066108703613e-01
7.425978779792785645e-01
6.682148575782775879e-01
-1.366361498832702637e+00
-6.725431680679321289e-01
4.743184447288513184e-01
-7.531709671020507812e-01
4.537993669509887695e-01
-1.309637188911437988e+00
1.034997940063476562e+00
2.513806708157062531e-02
2.110456228256225586e+00
-7.082651257514953613e-01
-6.386903524398803711e-01
-6.677060127258300781e-01
5.457392334938049316e-01
-8.994019031524658203e-01
-8.995034694671630859e-01
-1.280407428741455078e+00
1.180143237113952637e+00
-6.014465093612670898e-01
-6.729322671890258789e-01
4.148247241973876953e-01
3.287492096424102783e-01
-1.463088035583496094e+00
-1.401560425758361816e+00
5.598731040954589844e-01
-1.324852466583251953e+00
2.932851910591125488e-01
7.340055704116821289e-01
-2.536329030990600586e-01
-1.056849122047424316e+00
-1.468463182449340820e+00
-4.044824242591857910e-01
-7.188027501106262207e-01
1.258793354034423828e+00
1.604526489973068237e-01
2.367490977048873901e-01
2.033578604459762573e-01
1.189747333526611328e+00
-8.594770431518554688e-01
9.263224601745605469e-01
5.198541283607482910e-01
1.258857607841491699e+00
-6.474774479866027832e-01
3.154594898223876953e-01
3.014332652091979980e-01
6.224055886268615723e-01
6.772316098213195801e-01
1.806351661682128906e+00
1.114272832870483398e+00
1.254751682281494141e+00
-1.567270517349243164e+00
2.180597543716430664e+00
-6.949112564325332642e-02
2.079861611127853394e-01
9.671725630760192871e-01
-9.520469307899475098e-01
4.221749901771545410e-01
-1.546958565711975098e+00
-4.081014394760131836e-01
-7.730575799942016602e-01
-1.329039096832275391e+00
-8.868817687034606934e-01
-4.411925673484802246e-01
1.808328509330749512e+00
1.413580298423767090e+00
1.695824384689331055e+00
-4.939518570899963379e-01
7.742424607276916504e-01
-2.613932192325592041e-01
-1.089048385620117188e+00
3.088434636592864990e-01
-8.762008547782897949e-01
1.662905454635620117e+00
9.724583625793457031e-01
-2.906608581542968750e-01
-1.733149439096450806e-01
1.166268229484558105e+00
-7.741182446479797363e-01
