-4.161189496517181396e-01
-6.552132368087768555e-01
1.052402734756469727e+00
-9.438093751668930054e-02
-2.060051679611206055e+00
-9.184302091598510742e-01
-4.086837172508239746e-01
-4.313805699348449707e-01
2.006802521646022797e-02
1.778661310672760010e-01
-9.634144604206085205e-02
7.647954821586608887e-01
9.469856023788452148e-01
4.273654147982597351e-02
-2.001163810491561890e-01
1.009662225842475891e-01
3.877292275428771973e-01
4.666022360324859619e-01
-8.138362169265747070e-01
9.560153484344482422e-01
-1.954576522111892700e-01
8.442571759223937988e-01
4.900574088096618652e-01
-6.262379884719848633e-02
-2.704046964645385742e-01
-8.481709957122802734e-01
-7.636756300926208496e-01
-1.135843873023986816e+00
5.657004117965698242e-01
9.624604135751724243e-03
1.380965828895568848e+00
3.354702889919281006e-01
4.802729487419128418e-01
1.690906643867492676e+00
-1.260581254959106445e+00
-1.174497380852699280e-01
3.806700706481933594e-01
-2.538880109786987305e+00
-6.518515348434448242e-01
-2.134856432676315308e-01
-3.302437961101531982e-01
-7.005287706851959229e-02
-7.181779146194458008e-01
-1.860891103744506836e+00
-1.912313818931579590e+00
2.065884351730346680e+00
-4.944729804992675781e-01
6.057957187294960022e-02
-1.002546668052673340e+00
-7.751560211181640625e-01
7.006691694259643555e-01
4.136500656604766846e-01
-7.324120998382568359e-01
2.255612909793853760e-01
-4.681890010833740234e-01
6.287547349929809570e-01
-7.101362943649291992e-01
1.570010304450988770e+00
3.450034856796264648e+00
2.925894558429718018e-01
5.818158388137817383e-01
-1.892616987228393555e+00
7.094451785087585449e-01
-1.325269043445587158e-01
7.950792908668518066e-01
-1.063735008239746094e+00
-2.181719839572906494e-01
-8.033996075391769409e-02
-6.434194743633270264e-02
-5.549770593643188477e-01
8.331058919429779053e-02
3.934441208839416504e-01
-3.952264487743377686e-01
6.364284753799438477e-01
-4.637496173381805420e-01
-1.094617366790771484e+00
2.116291522979736328e-01
-9.513472020626068115e-02
3.896531760692596436e-01
1.092725515365600586e+00
1.754325777292251587e-01
1.966957330703735352e+00
1.164098858833312988e+00
-6.347458958625793457e-01
5.391124263405799866e-02
1.365718722343444824e+00
1.515453606843948364e-01
1.186230301856994629e+00
2.133759111166000366e-02
-3.191729068756103516e+00
-1.268941998481750488e+00
1.018109843134880066e-01
-1.360581040382385254e+00
-2.011261284351348877e-01
4.177928566932678223e-01
6.826292872428894043e-01
8.218672871589660645e-02
9.110099673271179199e-01
6.373206973075866699e-01
-4.221596568822860718e-02
