-9.853910803794860840e-01
3.816474080085754395e-01
1.017262101173400879e+00
-5.918506383895874023e-01
-9.968909025192260742e-01
4.118311405181884766e-01
-1.199090853333473206e-01
1.744167208671569824e-01
1.662740558385848999e-01
2.280989587306976318e-01
-6.499968767166137695e-01
-9.391462802886962891e-02
1.598513245582580566e+00
-6.131774187088012695e-01
-7.384518980979919434e-01
6.156269907951354980e-01
-1.484067678451538086e+00
-3.320618271827697754e-01
-1.740767240524291992e+00
-9.883541613817214966e-02
-1.594999432563781738e+00
2.639225721359252930e-01
-4.179922044277191162e-01
6.714959740638732910e-01
5.123074650764465332e-01
-9.070066809654235840e-01
-2.360965311527252197e-01
-2.638261020183563232e-01
6.487748026847839355e-02
-2.116173803806304932e-01
-4.245592355728149414e-01
-2.192451000213623047e+00
-9.841011166572570801e-01
1.122472167015075684e+00
1.256061673164367676e+00
7.532731294631958008e-01
-2.414831668138504028e-01
3.802083432674407959e-01
1.615700602531433105e+00
4.208497405052185059e-01
6.855818629264831543e-01
-1.348443627357482910e-01
-2.802210627123713493e-03
8.451136350631713867e-01
-9.387224912643432617e-02
-9.045708775520324707e-01
1.567369937896728516e+00
4.902809858322143555e-01
1.328923225402832031e+00
3.291498422622680664e-01
-1.193562984466552734e+00
-3.869601488113403320e-01
7.671232223510742188e-01
-3.016147315502166748e-01
4.676931537687778473e-03
-2.402354329824447632e-01
4.212227463722229004e-01
2.329190969467163086e-01
-1.558704257011413574e+00
1.358392536640167236e-01
1.638378620147705078e+00
-2.732238732278347015e-02
1.674068212509155273e+00
-1.187283039093017578e+00
-5.401583313941955566e-01
1.303289681673049927e-01
-1.397509425878524780e-01
-2.629812806844711304e-02
1.061408758163452148e+00
-7.394116520881652832e-01
8.226469755172729492e-01
5.209310054779052734e-01
-8.136804103851318359e-01
-3.615182936191558838e-01
5.804758071899414062e-01
6.848832368850708008e-01
-8.900127373635768890e-03
1.383664488792419434e+00
9.358270168304443359e-01
3.051739335060119629e-01
9.457851052284240723e-01
-1.683850646018981934e+00
-4.106736779212951660e-01
1.818776875734329224e-01
-7.723210752010345459e-02
1.120774507522583008e+00
-6.219207048416137695e-01
8.958092331886291504e-01
-4.804448485374450684e-01
-1.491727590560913086e+00
1.276165366172790527e+00
-6.783279776573181152e-01
-1.016794323921203613e+00
5.789123177528381348e-01
-1.822675466537475586e+00
-1.381757855415344238e+00
-3.770698010921478271e-01
7.735984921455383301e-01
4.274297952651977539e-01
7.180300354957580566e-01
