-6.130539774894714355e-01
-1.331011176109313965e+00
2.081535816192626953e+00
-5.314230918884277344e-01
-1.488500714302062988e+00
1.485514521598815918e+00
1.474732995033264160e+00
3.328436315059661865e-01
-1.996715813875198364e-01
4.534817114472389221e-02
5.056949798017740250e-03
-1.584887027740478516e+00
-1.298508763313293457e+00
3.420496359467506409e-02
-5.540313720703125000e-01
-7.481704354286193848e-01
-6.201246380805969238e-01
-1.920949369668960571e-01
-5.473722219467163086e-01
-1.095408082008361816e+00
1.700264692306518555e+00
7.707471847534179688e-01
4.071612656116485596e-01
8.814136981964111328e-01
-1.262753270566463470e-02
-8.887203931808471680e-01
7.706335186958312988e-01
-8.142111301422119141e-01
-9.682692885398864746e-01
1.863822788000106812e-01
1.173013210296630859e+00
-5.394454598426818848e-01
-1.304920554161071777e+00
4.880343377590179443e-02
-2.956011332571506500e-02
-7.820504307746887207e-01
-6.189879775047302246e-01
3.650155365467071533e-01
3.890481293201446533e-01
2.290683239698410034e-01
5.091920867562294006e-02
-1.633790373802185059e+00
-1.684303283691406250e+00
6.521075367927551270e-01
-1.119461059570312500e-01
1.940433382987976074e-01
-5.545703172683715820e-01
1.619086265563964844e+00
-8.356763422489166260e-02
1.818343549966812134e-01
1.763076066970825195e+00
-5.383454728871583939e-03
-1.486782789230346680e+00
-2.995055727660655975e-02
3.771654963493347168e-01
1.588130116462707520e+00
4.625639915466308594e-01
3.540951609611511230e-01
5.361451506614685059e-01
5.247381329536437988e-01
-4.451967179775238037e-01
7.789409756660461426e-01
1.876695990562438965e+00
1.834412664175033569e-01
-8.640833497047424316e-01
-9.106682538986206055e-01
4.245595932006835938e-01
-9.760969281196594238e-01
-7.936576753854751587e-02
-1.305979013442993164e+00
1.115831851959228516e+00
7.009697556495666504e-01
7.250397801399230957e-01
2.984644472599029541e-01
-8.010004758834838867e-01
-5.634770989418029785e-01
1.346718907356262207e+00
1.578216433525085449e+00
-3.595611751079559326e-01
-1.913097977638244629e+00
-1.823038160800933838e-01
4.409900605678558350e-01
1.478989362716674805e+00
-9.563823938369750977e-01
-1.379595637321472168e+00
-2.676354944705963135e-01
-4.010922610759735107e-01
2.852304279804229736e-01
1.870856285095214844e+00
7.466595768928527832e-01
9.190253019332885742e-01
1.137150883674621582e+00
3.860637247562408447e-01
1.229830145835876465e+00
-1.377602696418762207e+00
-2.887427806854248047e-01
-1.518143534660339355e+00
-7.118219137191772461e-01
-1.134355664253234863e+00
1.451368927955627441e-01
