9.791797399520874023e-01
1.201892852783203125e+00
-1.564823150634765625e+00
6.717282533645629883e-01
-5.259606242179870605e-01
-6.242051124572753906e-01
1.335584998130798340e+00
1.425341129302978516e+00
-1.259827166795730591e-01
-6.124038100242614746e-01
-2.952868044376373291e-01
-1.041744828224182129e+00
-4.887623190879821777e-01
1.650284290313720703e+00
-2.075050473213195801e-01
-2.138400077819824219e+00
-6.554275751113891602e-01
1.481541991233825684e+00
1.282256484031677246e+00
-4.812069609761238098e-02
-4.646678566932678223e-01
-4.076256453990936279e-01
-4.982759058475494385e-01
-1.619603484869003296e-01
-3.847972154617309570e-01
-1.087706804275512695e+00
-1.951806396245956421e-01
-1.721455931663513184e+00
-1.105105161666870117e+00
4.659941196441650391e-01
1.295160651206970215e-01
6.097890138626098633e-01
-9.986649751663208008e-01
4.430056214332580566e-01
7.471191287040710449e-01
-3.683858215808868408e-01
-3.122100792825222015e-02
5.546761751174926758e-01
-1.009099841117858887e+00
9.052374362945556641e-01
4.097160324454307556e-02
-1.657076001167297363e+00
9.425763487815856934e-01
-1.232268452644348145e+00
1.324363470077514648e+00
-6.443475484848022461e-01
-1.476913392543792725e-01
-2.349484711885452271e-01
6.024842262268066406e-01
3.231379687786102295e-01
-9.234948158264160156e-01
-1.468324288725852966e-02
3.909655213356018066e-01
-6.471253633499145508e-01
-7.191033661365509033e-02
-5.265517234802246094e-01
2.474856078624725342e-01
2.281035184860229492e-01
5.706492066383361816e-01
-4.441042542457580566e-01
5.704544782638549805e-01
1.579632982611656189e-02
-4.409289956092834473e-01
-2.270806133747100830e-01
1.074201941490173340e+00
-1.160028219223022461e+00
-7.074851989746093750e-01
-1.510950803756713867e+00
1.097025632858276367e+00
5.226271599531173706e-02
1.469131469726562500e+00
-8.743157982826232910e-01
-3.913658857345581055e-01
-5.215523019433021545e-02
-6.245483756065368652e-01
-2.415215820074081421e-01
-7.438583374023437500e-01
-1.013267040252685547e+00
7.077569961547851562e-01
1.757204771041870117e+00
-9.581220746040344238e-01
-2.641114890575408936e-01
1.507943391799926758e+00
-1.680978178977966309e+00
-1.095713615417480469e+00
1.958530694246292114e-01
-2.675349414348602295e-01
1.500349164009094238e+00
-1.535769999027252197e-01
5.366263389587402344e-01
7.312848567962646484e-01
-2.988751173019409180e+00
-1.086736083030700684e+00
-3.288167417049407959e-01
1.405017733573913574e+00
8.542250990867614746e-01
-9.132131934165954590e-01
-1.388998627662658691e+00
-5.907526016235351562e-01
1.006274461746215820e+00
