1.718454360961914062e-01
3.636115789413452148e-01
6.477512717247009277e-01
-1.372017860412597656e+00
5.044288635253906250e-01
6.663804054260253906e-01
2.514512240886688232e-01
-5.981510281562805176e-01
3.214425444602966309e-01
1.371249914169311523e+00
8.637229204177856445e-01
-7.336693406105041504e-01
-2.195709645748138428e-01
-2.660265862941741943e-01
4.738047719001770020e-01
6.188355088233947754e-01
-1.397701025009155273e+00
5.117727518081665039e-01
2.005055665969848633e+00
5.234876871109008789e-01
-1.816966533660888672e+00
-3.235894441604614258e-01
-1.704712748527526855e+00
1.277611374855041504e+00
-4.475347697734832764e-01
-2.834297180175781250e+00
-3.794163465499877930e-02
3.962471783161163330e-01
-2.240216255187988281e+00
-6.785894930362701416e-02
-2.034538745880126953e+00
-1.170400436967611313e-02
-3.797848820686340332e-01
-1.218375086784362793e+00
8.579957485198974609e-02
9.233199805021286011e-02
-3.005787134170532227e-01
9.413260817527770996e-01
7.432782649993896484e-01
4.635074138641357422e-01
2.034719586372375488e-01
-6.267157942056655884e-02
-2.870651781558990479e-01
1.245230808854103088e-01
-1.976470470428466797e+00
-1.396125298924744129e-03
3.109037280082702637e-01
-2.279013633728027344e+00
-1.279816746711730957e+00
1.058426380157470703e+00
3.239880800247192383e-01
1.058624505996704102e+00
-1.809059858322143555e+00
1.934404820203781128e-01
-8.983908295631408691e-01
1.059282541275024414e+00
1.249027609825134277e+00
-1.402623891830444336e+00
1.559805750846862793e+00
-3.504847586154937744e-01
-1.138300180435180664e+00
6.554014682769775391e-01
6.701171994209289551e-01
4.497639536857604980e-01
-1.498962998390197754e+00
6.587165594100952148e-01
-1.103109478950500488e+00
1.019791722297668457e+00
-4.233622550964355469e-01
8.383225202560424805e-01
5.861331820487976074e-01
-5.548623576760292053e-02
-2.825620397925376892e-02
-1.631257310509681702e-02
2.608017683029174805e+00
1.082822799682617188e+00
-1.242490768432617188e+00
3.539319038391113281e-01
8.533053994178771973e-01
-5.838503241539001465e-01
-8.275641202926635742e-01
-1.137264251708984375e+00
6.148219704627990723e-01
9.666234999895095825e-02
-3.795078098773956299e-01
-3.198292255401611328e-01
-2.426085472106933594e+00
9.061793684959411621e-01
-1.833757400512695312e+00
6.842188239097595215e-01
2.624341726303100586e+00
2.120781540870666504e-01
3.286816477775573730e-01
-1.617750078439712524e-01
-2.701631486415863037e-01
-1.424812525510787964e-01
-2.534697055816650391e-01
-2.975397370755672455e-02
1.387917280197143555e+00
9.578161835670471191e-01
