1.440113544464111328e+00
-1.796086668968200684e+00
-3.181767463684082031e-01
2.253740876913070679e-01
7.621110677719116211e-01
8.297108411788940430e-01
-6.567242741584777832e-01
1.672489404678344727e+00
-1.302913308143615723e+00
-2.359603166580200195e+00
4.362095892429351807e-01
-1.115595102310180664e+00
-7.324575781822204590e-01
9.540058374404907227e-01
-6.802858114242553711e-01
-1.905370712280273438e+00
-5.130594372749328613e-01
-1.959229633212089539e-02
-1.109073758125305176e+00
-1.710663914680480957e+00
6.590909957885742188e-01
6.773890256881713867e-01
-1.064643740653991699e+00
-3.035525679588317871e-01
-7.019053101539611816e-01
5.275396704673767090e-01
1.088446453213691711e-01
-1.053375124931335449e+00
1.260906696319580078e+00
9.718449115753173828e-01
-5.746414065361022949e-01
-1.140205636620521545e-01
1.071777820587158203e+00
8.956491947174072266e-01
-4.951583743095397949e-01
-9.730867743492126465e-01
1.706089079380035400e-01
5.959861874580383301e-01
-6.935462951660156250e-01
1.833479702472686768e-01
-4.414196908473968506e-01
-8.197280168533325195e-01
1.101864218711853027e+00
-1.708472222089767456e-01
-1.001240372657775879e+00
7.379646301269531250e-01
-3.739146590232849121e-01
1.808871626853942871e+00
-9.064992666244506836e-01
7.017674446105957031e-01
-6.632961630821228027e-01
-5.937185883522033691e-01
-4.596272706985473633e-01
-1.701825261116027832e+00
3.247018158435821533e-02
-2.385860681533813477e-01
-2.939290702342987061e-01
1.761931329965591431e-01
7.688588500022888184e-01
-3.800305128097534180e-01
-2.584924697875976562e-01
-1.345400094985961914e+00
2.675749778747558594e+00
1.308160543441772461e+00
-7.300263047218322754e-01
-1.954229325056076050e-01
-2.854165315628051758e+00
1.945047378540039062e-01
-9.116621613502502441e-01
-1.730578690767288208e-01
5.922641232609748840e-02
6.865595579147338867e-01
-5.415379405021667480e-01
5.873947739601135254e-01
-1.652780175209045410e-01
-7.310023307800292969e-01
-4.932589530944824219e-01
8.683207631111145020e-01
-7.959099858999252319e-02
-1.553873896598815918e+00
-1.771754622459411621e+00
6.370534896850585938e-01
-1.389830827713012695e+00
5.931701660156250000e-01
4.746527373790740967e-01
-1.205340743064880371e+00
8.507838845252990723e-01
-1.139134287834167480e+00
-1.465109139680862427e-01
-5.787488538771867752e-03
-2.043703556060791016e+00
-4.747042059898376465e-01
1.681540846824645996e+00
6.993088126182556152e-02
1.797812581062316895e+00
7.350236773490905762e-01
2.085262387990951538e-01
-5.065110921859741211e-01
-6.509773135185241699e-01
-1.564855098724365234e+00
