-2.049925088882446289e+00
1.358347535133361816e+00
1.468678593635559082e+00
1.172343134880065918e+00
9.164092540740966797e-01
-1.513866521418094635e-02
-1.172913074493408203e+00
1.641979098320007324e+00
6.525555253028869629e-01
-1.347007006406784058e-01
-1.014430046081542969e+00
-3.635984659194946289e-01
1.935378909111022949e+00
2.035051345825195312e+00
-2.199765205383300781e+00
-9.694232940673828125e-01
4.714004993438720703e-01
8.372330069541931152e-01
7.045927643775939941e-01
6.398521661758422852e-01
2.074960470199584961e+00
1.483909040689468384e-01
-7.662081122398376465e-01
-6.153205037117004395e-01
-1.219851970672607422e+00
1.335506319999694824e+00
-1.369406819343566895e+00
2.625122070312500000e+00
-8.058371543884277344e-01
-1.309311389923095703e-01
1.526169776916503906e-01
-7.042282223701477051e-01
1.046080827713012695e+00
1.027866363525390625e+00
4.512741565704345703e-01
9.724160283803939819e-02
1.593726754188537598e+00
1.446775555610656738e+00
3.053573966026306152e-01
-7.885686936788260937e-04
3.233460187911987305e-01
2.205626010894775391e+00
2.477142363786697388e-01
-4.421498179435729980e-01
2.767973244190216064e-01
-4.976568520069122314e-01
-6.132966876029968262e-01
-7.174688577651977539e-01
2.173159837722778320e+00
-9.752590656280517578e-01
1.911748573184013367e-02
1.387344479560852051e+00
-9.624392390251159668e-01
-2.812944650650024414e-01
-1.074349060654640198e-01
-7.623539566993713379e-01
8.499677777290344238e-01
-9.256953597068786621e-01
-1.017346084117889404e-01
-7.975363135337829590e-01
-1.149427518248558044e-01
-1.013232707977294922e+00
1.250128626823425293e+00
1.676768660545349121e-01
1.129945158958435059e+00
8.678233027458190918e-01
-3.302663862705230713e-01
-1.885132431983947754e+00
3.557498753070831299e-01
-3.285759389400482178e-01
2.383392572402954102e+00
5.093526244163513184e-01
-1.427495837211608887e+00
9.791493415832519531e-01
-8.722978830337524414e-01
7.630321383476257324e-01
-5.847774446010589600e-03
4.816555082798004150e-01
-2.561553001403808594e+00
-9.109930396080017090e-01
2.287583649158477783e-01
1.374196261167526245e-01
-1.372681021690368652e+00
1.276549696922302246e+00
1.208747029304504395e-01
-3.948594033718109131e-01
-8.665324449539184570e-01
9.053289294242858887e-01
6.656500697135925293e-02
7.454853653907775879e-01
3.365828990936279297e-01
4.181128740310668945e-02
-7.218344211578369141e-01
-1.680903553962707520e+00
7.997176051139831543e-01
2.499090880155563354e-01
-7.057381272315979004e-01
-7.983217239379882812e-01
-2.060202956199645996e-01
-2.272340655326843262e-01
