-3.136959299445152283e-02
5.784522891044616699e-01
6.766427755355834961e-01
6.267465353012084961e-01
5.298424363136291504e-01
4.022416472434997559e-01
1.578365802764892578e+00
-1.165814176201820374e-01
1.344036340713500977e+00
-9.722061157226562500e-01
4.818558096885681152e-01
1.385796308517456055e+00
2.458995133638381958e-01
4.665023982524871826e-01
8.287946581840515137e-01
3.908089399337768555e-01
8.963515162467956543e-01
2.892333641648292542e-02
6.435220837593078613e-01
-4.907641112804412842e-01
-1.235856294631958008e+00
2.194265127182006836e-01
-2.139629721641540527e-01
1.614802002906799316e+00
1.011643648147583008e+00
4.735234081745147705e-01
-2.326595038175582886e-01
-6.624374389648437500e-01
4.445219635963439941e-01
-1.233553290367126465e+00
-7.794594764709472656e-01
-6.304270029067993164e-01
5.018267631530761719e-01
6.231841444969177246e-01
9.836428165435791016e-01
-4.508291184902191162e-01
-4.875544011592864990e-01
-1.070695042610168457e+00
-1.836225152015686035e+00
1.591922760009765625e+00
-9.692615270614624023e-02
1.430664181709289551e+00
9.218323230743408203e-01
1.722036004066467285e+00
-7.039728164672851562e-01
5.732669308781623840e-02
1.470010995864868164e+00
-8.334536552429199219e-01
1.110974669456481934e+00
1.198619246482849121e+00
-1.208542704582214355e+00
-1.723382115364074707e+00
-2.722666263580322266e+00
8.509688377380371094e-01
-1.167689800262451172e+00
7.646374106407165527e-01
-8.801034092903137207e-01
-1.842756152153015137e+00
-1.034229040145874023e+00
7.585071325302124023e-01
-9.897668361663818359e-01
1.536590456962585449e-01
-7.829074859619140625e-01
4.673809111118316650e-01
4.740711152553558350e-01
-8.292679786682128906e-01
8.222820162773132324e-01
1.029410362243652344e+00
-5.312051177024841309e-01
-1.699054539203643799e-01
1.874707221984863281e+00
1.156661629676818848e+00
-1.784253478050231934e+00
-5.351004600524902344e-01
6.848044395446777344e-01
5.292901396751403809e-02
1.419850826263427734e+00
1.006474256515502930e+00
-6.078715920448303223e-01
1.293950974941253662e-01
9.075881838798522949e-01
-1.146714448928833008e+00
8.280431628227233887e-01
-1.334946274757385254e+00
-8.613704442977905273e-01
3.713669627904891968e-02
1.639225840568542480e+00
2.604296207427978516e-01
-1.596404075622558594e+00
-1.783892273902893066e+00
-9.055095911026000977e-01
-9.020494222640991211e-01
1.447777986526489258e+00
-1.702318429946899414e+00
2.666374921798706055e+00
1.568389236927032471e-01
-1.761951744556427002e-01
7.271331548690795898e-02
-1.372260212898254395e+00
-5.525621771812438965e-01
