8.522474765777587891e-01
-6.830466389656066895e-01
1.188815459609031677e-01
-1.032697558403015137e+00
-5.922298431396484375e-01
4.603172838687896729e-02
-1.915302038192749023e+00
1.005903840065002441e+00
3.696560263633728027e-01
1.728207319974899292e-01
1.774111628532409668e+00
1.219013214111328125e+00
1.390584111213684082e+00
-5.413499474525451660e-02
1.065006732940673828e+00
3.187609016895294189e-01
4.743305742740631104e-01
-3.114363253116607666e-01
-1.206242918968200684e+00
-3.808517754077911377e-01
-9.064519405364990234e-01
4.518623054027557373e-01
6.134061217308044434e-01
-1.769181489944458008e-01
-3.928666114807128906e-01
7.811639904975891113e-01
6.978093385696411133e-01
1.116616129875183105e+00
-7.931765913963317871e-01
1.105589270591735840e+00
3.484006226062774658e-01
1.630026847124099731e-01
-5.868343710899353027e-01
-5.310228466987609863e-01
-1.574461698532104492e+00
-2.607837200164794922e+00
2.094732284545898438e+00
-1.739860057830810547e+00
2.306324243545532227e+00
4.722273051738739014e-01
-1.173613548278808594e+00
8.314431309700012207e-01
-5.302186012268066406e-01
-8.968833088874816895e-01
-1.270589470863342285e+00
8.020755648612976074e-02
4.501040577888488770e-01
3.687638044357299805e-01
-3.456889986991882324e-01
2.610579133033752441e-01
2.709863185882568359e-01
-2.186028808355331421e-01
-6.835151910781860352e-01
-2.612040340900421143e-01
8.056426793336868286e-02
6.260154247283935547e-01
-1.129138827323913574e+00
9.632384181022644043e-01
-4.105980694293975830e-01
-1.162655577063560486e-01
5.301424860954284668e-01
-7.671601176261901855e-01
-7.800371646881103516e-01
-1.185212016105651855e+00
9.400330781936645508e-01
5.612532496452331543e-01
1.015704154968261719e+00
-2.524664402008056641e-01
1.138202667236328125e+00
1.841000676155090332e+00
1.204825520515441895e+00
3.977228999137878418e-01
-3.122869968414306641e+00
-4.829983413219451904e-01
5.096458792686462402e-01
-1.226901531219482422e+00
2.764476537704467773e+00
-2.597679793834686279e-01
-1.359493374824523926e+00
1.790626406669616699e+00
4.894173145294189453e-01
-7.916141748428344727e-01
-6.187063455581665039e-01
4.995822012424468994e-01
7.034693378955125809e-03
-2.037600517272949219e+00
-1.672047257423400879e+00
-3.113423287868499756e-01
-6.560544371604919434e-01
-1.420005917549133301e+00
-9.786122441291809082e-01
7.790655493736267090e-01
1.120623707771301270e+00
2.559632778167724609e+00
1.276476025581359863e+00
-4.745844304561614990e-01
-6.634334325790405273e-01
1.041525006294250488e+00
-1.225813865661621094e+00
-9.872842431068420410e-01
