3.099604845046997070e-01
3.008585274219512939e-01
-1.437948942184448242e+00
5.133993029594421387e-01
5.805310606956481934e-01
1.285702109336853027e+00
-4.843422472476959229e-01
4.516188800334930420e-01
1.280599474906921387e+00
-1.004828810691833496e+00
-4.986280798912048340e-01
1.025395274162292480e+00
-4.880637824535369873e-01
-1.996131688356399536e-01
8.604650944471359253e-02
1.112772703170776367e+00
6.456855535507202148e-01
-1.047444581985473633e+00
-7.549083232879638672e-02
-6.172357127070426941e-03
-1.365081071853637695e+00
9.662560820579528809e-01
-6.793302893638610840e-01
-6.286498308181762695e-01
-5.585962533950805664e-01
-6.868335604667663574e-01
-2.828827202320098877e-01
1.174135923385620117e+00
-4.307778179645538330e-01
-5.420375466346740723e-01
-1.271168440580368042e-01
-1.529950618743896484e+00
1.124358415603637695e+00
2.990389987826347351e-02
-4.479988515377044678e-01
-1.545948505401611328e+00
-5.710769295692443848e-01
-3.792233765125274658e-01
3.025245964527130127e-01
1.046465516090393066e+00
9.852423071861267090e-01
1.678557872772216797e+00
9.979020953178405762e-01
4.003890752792358398e-01
-2.515708506107330322e-01
6.254698038101196289e-01
-4.260604269802570343e-03
8.714622855186462402e-01
-3.699728846549987793e-01
-9.448970556259155273e-01
7.400233745574951172e-01
-8.336306810379028320e-01
-1.456811189651489258e+00
1.680964469909667969e+00
-3.655187189579010010e-01
2.833487093448638916e-02
-2.775703966617584229e-01
-2.091779232025146484e+00
-9.075670242309570312e-01
1.540960907936096191e+00
3.433775186538696289e+00
1.065147757530212402e+00
3.241884708404541016e-01
7.281736731529235840e-01
-1.463540196418762207e-01
8.337218165397644043e-01
-1.472002863883972168e+00
-5.872830152511596680e-01
-4.352601468563079834e-01
9.784631729125976562e-01
3.379707038402557373e-01
6.523805260658264160e-01
-8.568553924560546875e-01
8.542596101760864258e-01
-2.650317251682281494e-01
-1.296858787536621094e-01
1.556630253791809082e+00
3.121571540832519531e-01
7.072815299034118652e-02
1.119305729866027832e+00
-1.724216580390930176e+00
1.489186286926269531e-01
-6.430321335792541504e-01
-1.402182430028915405e-01
-1.494268536567687988e+00
-4.241475164890289307e-01
-1.568758368492126465e+00
-4.633995890617370605e-01
3.362048566341400146e-01
8.599150180816650391e-01
7.821651101112365723e-01
-2.261933803558349609e+00
8.186426162719726562e-01
-7.859383225440979004e-01
-2.269994765520095825e-01
-1.001812696456909180e+00
-3.037211298942565918e-01
-9.504961371421813965e-01
-6.148323882371187210e-03
-1.146441817283630371e+00
