6.752488613128662109e-01
1.551773071289062500e+00
-2.671158075332641602e+00
4.599067270755767822e-01
3.751585185527801514e-01
4.798388108611106873e-04
-1.062855482101440430e+00
-3.687842488288879395e-01
5.221440792083740234e-01
1.771778315305709839e-01
-2.145473480224609375e+00
3.429076373577117920e-01
5.832015872001647949e-01
7.021518349647521973e-01
-1.727280467748641968e-01
-1.381405889987945557e-01
-1.206535816192626953e+00
-1.258828878402709961e+00
1.350018382072448730e-01
-2.286203950643539429e-01
-5.290464162826538086e-01
4.772945344448089600e-01
-2.627014815807342529e-01
-3.135417997837066650e-01
1.122226640582084656e-01
-1.633339375257492065e-01
2.953548729419708252e-01
-1.178148388862609863e+00
-1.587305307388305664e+00
1.886945486068725586e+00
7.051846981048583984e-01
9.610082954168319702e-02
-4.117938876152038574e-01
-1.410103082656860352e+00
7.759908437728881836e-01
-4.221147298812866211e-01
-5.482133030891418457e-01
7.091189175844192505e-02
-1.278231620788574219e+00
-1.391124725341796875e-01
1.596230983734130859e+00
-4.367939829826354980e-01
3.581379354000091553e-01
-9.880259633064270020e-03
-2.009938001632690430e+00
1.622416019439697266e+00
1.803729683160781860e-01
4.820033311843872070e-01
1.114107131958007812e+00
-1.410765528678894043e+00
-8.449229001998901367e-01
-5.781853199005126953e-01
4.933616220951080322e-01
3.290676176548004150e-01
-7.656754851341247559e-01
-1.911399364471435547e-01
-9.171367287635803223e-01
8.798499107360839844e-01
-6.501467227935791016e-01
-4.310695454478263855e-02
-2.227383702993392944e-01
-1.930479556322097778e-01
-2.102144062519073486e-01
-3.048509955406188965e-01
-7.465178370475769043e-01
3.816479444503784180e-01
-6.174047589302062988e-01
-1.192088842391967773e+00
-6.014633178710937500e-01
5.414618253707885742e-01
9.387246519327163696e-02
-1.025302767753601074e+00
-1.879881262779235840e+00
2.564172446727752686e-01
2.057783842086791992e+00
-2.886473894119262695e+00
-7.473282217979431152e-01
9.947680234909057617e-01
-1.458941221237182617e+00
-8.089454174041748047e-01
8.165711164474487305e-01
-8.430607914924621582e-01
-1.097000479698181152e+00
1.834778636693954468e-01
-1.456644535064697266e-01
1.104858040809631348e+00
-3.159061968326568604e-01
5.412786602973937988e-01
2.627343833446502686e-01
9.683207869529724121e-01
1.925383955240249634e-01
8.713430762290954590e-01
-2.356508016586303711e+00
9.478129744529724121e-01
1.540979027748107910e+00
1.174721837043762207e+00
1.825334906578063965e+00
-1.682333588600158691e+00
6.844834685325622559e-01
-5.650799348950386047e-02
