6.168239116668701172e-01
2.993452250957489014e-01
-9.525442719459533691e-01
-5.140709877014160156e-01
8.603881597518920898e-01
-1.090434640645980835e-01
1.169781446456909180e+00
-4.221855401992797852e-01
-1.623940110206604004e+00
-8.823338150978088379e-01
8.109208345413208008e-01
-3.785594701766967773e-01
-8.095470070838928223e-01
1.456492990255355835e-01
-2.063187807798385620e-01
7.162539958953857422e-01
1.155138015747070312e+00
-5.087763667106628418e-01
-8.932603150606155396e-02
6.066129803657531738e-01
4.938699305057525635e-01
2.223196029663085938e+00
-8.419559597969055176e-01
1.046840548515319824e+00
-7.837700843811035156e-02
5.397055149078369141e-01
-2.606532871723175049e-01
1.023872494697570801e+00
-2.425282895565032959e-01
-1.223381519317626953e+00
1.087329506874084473e+00
-3.348714113235473633e-01
-2.029178887605667114e-01
8.377328515052795410e-01
-2.419962286949157715e-01
-1.272061318159103394e-01
2.368330240249633789e+00
-7.909355163574218750e-01
2.281824201345443726e-01
3.684592992067337036e-02
1.242772340774536133e-01
-7.300091385841369629e-01
1.054183959960937500e+00
-7.577497363090515137e-01
-2.422112941741943359e+00
-7.732848078012466431e-02
1.251954555511474609e+00
3.209563195705413818e-01
-3.329668045043945312e-01
-6.788186430931091309e-01
1.295053482055664062e+00
1.926681399345397949e+00
-9.164267778396606445e-02
6.609502434730529785e-01
2.682651020586490631e-02
-1.596042960882186890e-01
-6.909782290458679199e-01
-4.837125539779663086e-02
-3.321300446987152100e-01
-1.488904505968093872e-01
-2.274430751800537109e+00
-1.160922721028327942e-01
-1.010280132293701172e+00
-7.855578064918518066e-01
1.128483891487121582e+00
-1.757703721523284912e-01
1.276573061943054199e+00
4.789460077881813049e-02
1.129734277725219727e+00
-4.981428682804107666e-01
-8.435477614402770996e-01
7.956464290618896484e-01
-1.387240767478942871e+00
-7.041552662849426270e-01
-8.117399215698242188e-01
-2.377290010452270508e+00
-1.370350122451782227e+00
4.581010639667510986e-01
2.017621278762817383e+00
9.489559531211853027e-01
2.097069025039672852e-01
-3.964630365371704102e-01
-1.772563219070434570e+00
-1.805735945701599121e+00
-5.680084824562072754e-01
4.533067345619201660e-01
-6.771806478500366211e-01
-3.284273445606231689e-01
-3.723989129066467285e-01
-5.301882028579711914e-01
-1.125660657882690430e+00
-5.981751531362533569e-02
6.524028182029724121e-01
-1.694534569978713989e-01
1.463700175285339355e+00
1.467795968055725098e-01
4.597561657428741455e-01
8.307460546493530273e-01
-7.971997261047363281e-01
-3.163537681102752686e-01
