-9.697620570659637451e-02
-7.465658783912658691e-01
-1.805876135826110840e+00
-4.491175413131713867e-01
-1.450398564338684082e+00
5.878970026969909668e-01
2.642777264118194580e-01
-1.275391876697540283e-01
-5.173674821853637695e-01
1.215231299400329590e+00
1.065455913543701172e+00
-2.366546869277954102e+00
5.961458086967468262e-01
-1.145835638046264648e+00
1.964546889066696167e-01
-7.233915328979492188e-01
9.239482283592224121e-01
-2.726650953292846680e+00
-5.439537167549133301e-01
9.617707729339599609e-01
-1.467924416065216064e-01
1.042375087738037109e+00
-2.307960748672485352e+00
8.396378159523010254e-01
1.660243570804595947e-01
2.685894072055816650e-01
1.178145766258239746e+00
6.070064306259155273e-01
1.421859860420227051e+00
4.463410079479217529e-01
7.021703720092773438e-01
-9.410644173622131348e-01
-1.401964545249938965e+00
1.853029608726501465e+00
-4.844214767217636108e-02
-1.187956571578979492e+00
9.585804492235183716e-02
-3.129224851727485657e-02
2.866529226303100586e-01
-6.180073618888854980e-01
6.211367249488830566e-01
-1.363887786865234375e-01
-5.706426501274108887e-01
-1.340633034706115723e+00
-5.562723875045776367e-01
-2.097921632230281830e-02
1.008713960647583008e+00
-1.151997447013854980e+00
1.125112414360046387e+00
2.959029376506805420e-01
-1.496922492980957031e+00
3.914982974529266357e-01
2.103053778409957886e-01
-3.529567420482635498e-01
2.857734560966491699e-01
1.381880044937133789e+00
-1.538629412651062012e+00
-8.070065826177597046e-02
-1.013335704803466797e+00
-1.827699542045593262e+00
-2.787354290485382080e-01
-1.060258224606513977e-01
5.449850857257843018e-02
-1.209453225135803223e+00
-9.618123620748519897e-02
7.968146800994873047e-01
1.087040752172470093e-01
-1.765532135963439941e+00
4.467495977878570557e-01
9.197282046079635620e-02
-2.752847410738468170e-02
-2.640127763152122498e-02
-1.052372574806213379e+00
3.895568251609802246e-01
4.526741206645965576e-01
4.612662792205810547e-01
-1.463941931724548340e+00
-8.595191836357116699e-01
1.738283336162567139e-01
-1.306553840637207031e+00
4.873567223548889160e-01
-9.306847453117370605e-01
-2.348968386650085449e-01
7.601495385169982910e-01
9.743486046791076660e-01
-2.339267134666442871e-01
-1.933713793754577637e+00
8.038128018379211426e-01
7.765877991914749146e-02
2.187758535146713257e-01
3.291830420494079590e-01
-4.852576553821563721e-01
1.326351165771484375e+00
7.706644535064697266e-01
9.463994503021240234e-01
-1.693038463592529297e+00
1.621971279382705688e-01
-1.064281910657882690e-01
1.088176369667053223e+00
6.526568531990051270e-01
