2.051578044891357422e+00
-7.531585097312927246e-01
1.394368801265954971e-02
1.353284001350402832e+00
2.286718487739562988e-01
-2.463841997087001801e-02
-2.174932509660720825e-01
7.884580492973327637e-01
3.829273283481597900e-01
5.064506456255912781e-02
8.085949420928955078e-01
-8.289155364036560059e-01
1.127419710159301758e+00
5.099869370460510254e-01
1.122976779937744141e+00
-3.961181640625000000e-01
1.467586755752563477e+00
-1.404811024665832520e+00
1.583269834518432617e-01
8.746542930603027344e-01
8.785168528556823730e-01
-5.282752215862274170e-02
-1.764300912618637085e-01
-1.162823438644409180e+00
-8.136999607086181641e-01
-2.828260958194732666e-01
-1.226419091224670410e+00
-5.602831244468688965e-01
4.443465769290924072e-01
5.778976678848266602e-01
-1.011636495590209961e+00
-3.891705349087715149e-02
-6.744659543037414551e-01
3.289687335491180420e-01
-8.945342898368835449e-01
1.329702377319335938e+00
-3.266205191612243652e-01
6.532471161335706711e-03
-7.803745865821838379e-01
-8.630665391683578491e-02
-1.394747972488403320e+00
-1.435344815254211426e+00
-5.772193074226379395e-01
-1.321730971336364746e+00
2.497815340757369995e-01
-1.640547871589660645e+00
-1.849931597709655762e+00
7.521861791610717773e-02
4.807702302932739258e-01
-1.026975154876708984e+00
-2.757572531700134277e-01
1.425183057785034180e+00
-6.087914705276489258e-01
-8.567786216735839844e-01
-5.909309983253479004e-01
7.468441724777221680e-01
1.830435752868652344e+00
-1.695314884185791016e+00
1.100266695022583008e+00
7.362262606620788574e-01
-2.487584054470062256e-01
2.085400223731994629e-01
1.947520226240158081e-01
-1.909775137901306152e-01
1.138023614883422852e+00
3.349086642265319824e-01
-1.447856426239013672e-01
5.715326964855194092e-02
-1.019550561904907227e+00
-7.901214063167572021e-02
1.404421091079711914e+00
5.998120456933975220e-02
-9.423107504844665527e-01
-1.036643385887145996e+00
9.131464362144470215e-01
-1.774603366851806641e+00
1.929627418518066406e+00
-1.208381205797195435e-01
8.470138311386108398e-01
3.744277358055114746e-01
3.478004634380340576e-01
-1.448952674865722656e+00
-1.626505732536315918e+00
-1.570580482482910156e+00
1.138513922691345215e+00
3.037942945957183838e-01
4.015133082866668701e-01
5.201785564422607422e-01
-1.408069133758544922e+00
-8.136078119277954102e-01
1.345050692558288574e+00
1.684623658657073975e-01
4.706073999404907227e-01
1.480644345283508301e+00
-6.619153618812561035e-01
-1.031639814376831055e+00
-5.679278969764709473e-01
4.591196179389953613e-01
-1.840702742338180542e-01
2.511633932590484619e-01
