-2.625947892665863037e-01
-8.605875372886657715e-01
1.035460114479064941e+00
-8.886828273534774780e-02
1.732371561229228973e-02
3.722968399524688721e-01
-4.843240082263946533e-01
8.502401709556579590e-01
2.388320446014404297e+00
8.047799468040466309e-01
4.227301776409149170e-01
5.077837705612182617e-01
8.370971307158470154e-03
1.822003722190856934e+00
4.817186295986175537e-01
5.131411552429199219e-01
8.644353747367858887e-01
1.452644169330596924e-02
-6.853002309799194336e-01
1.507188320159912109e+00
-6.264189481735229492e-01
-1.069126129150390625e+00
4.167746603488922119e-01
4.990882873535156250e-01
8.617250919342041016e-01
-2.856003046035766602e-01
-7.554205656051635742e-01
7.728164792060852051e-01
-1.518868923187255859e+00
-3.708955645561218262e-01
5.662188529968261719e-01
5.129505395889282227e-01
-8.714851140975952148e-01
-1.606609225273132324e+00
2.316631793975830078e+00
-9.902290105819702148e-01
1.241550445556640625e+00
1.289754271507263184e+00
-9.818673133850097656e-02
4.418550729751586914e-01
-1.368149638175964355e+00
-2.522922754287719727e-01
-1.396283507347106934e-01
-2.532511949539184570e+00
2.221786417067050934e-02
-2.394807785749435425e-01
1.649623870849609375e+00
1.319885611534118652e+00
-2.599163912236690521e-02
-7.048532366752624512e-01
-1.175521135330200195e+00
1.134155631065368652e+00
-7.103387117385864258e-01
8.251140825450420380e-03
5.512259602546691895e-01
5.551505684852600098e-01
1.254616022109985352e+00
5.879148244857788086e-01
-4.514738917350769043e-02
-1.088102579116821289e+00
1.247820779681205750e-01
-7.594536542892456055e-01
2.707510590553283691e-01
4.677414000034332275e-01
1.285077691078186035e+00
1.285287261009216309e+00
-5.093898251652717590e-02
-1.272498965263366699e+00
7.340797185897827148e-01
1.507846593856811523e+00
-2.048485279083251953e+00
1.516076087951660156e+00
7.795268297195434570e-01
1.543490439653396606e-01
1.164455175399780273e+00
-1.616042137145996094e+00
2.646605372428894043e-01
-1.789288967847824097e-01
9.586706161499023438e-01
2.512819170951843262e-01
4.457592368125915527e-01
1.095485329627990723e+00
-1.893062591552734375e-01
-1.889650940895080566e+00
-3.887059390544891357e-01
1.088133811950683594e+00
5.981386899948120117e-01
1.049061715602874756e-01
-9.152277112007141113e-01
1.222097873687744141e+00
-1.030165076255798340e+00
-1.176843881607055664e+00
1.353631138801574707e+00
-2.134798653423786163e-02
5.319087505340576172e-01
-9.523076415061950684e-01
-1.959043264389038086e+00
8.066002726554870605e-01
9.661321043968200684e-01
-2.050879150629043579e-01
