7.844946980476379395e-01
3.797718286514282227e-01
1.135721802711486816e+00
-3.038133621215820312e+00
1.335661113262176514e-01
-1.211452841758728027e+00
4.179107844829559326e-01
1.687798261642456055e+00
5.152134895324707031e-01
2.753482013940811157e-02
8.333062529563903809e-01
-6.554306149482727051e-01
-8.475216031074523926e-01
-6.185597181320190430e-01
1.560868620872497559e-01
-1.674602508544921875e+00
1.263870857656002045e-02
-2.006081104278564453e+00
1.023990869522094727e+00
6.435630321502685547e-01
-1.039888262748718262e+00
-6.464758515357971191e-01
7.669648528099060059e-01
-8.188555836677551270e-01
7.432500720024108887e-01
5.272102355957031250e-01
-2.755862772464752197e-01
1.104830726981163025e-01
7.731638550758361816e-01
-1.157316341996192932e-01
4.157149493694305420e-01
1.017982959747314453e+00
6.387508939951658249e-03
2.702578008174896240e-01
6.989099383354187012e-01
8.183254003524780273e-01
-6.962438821792602539e-01
-8.694040775299072266e-01
2.455202629789710045e-04
6.891979575157165527e-01
-7.592026889324188232e-02
1.760092377662658691e+00
8.249714970588684082e-02
-9.834694862365722656e-01
6.412955522537231445e-01
-2.713762521743774414e-01
-2.298630923032760620e-01
8.968702554702758789e-01
1.906481266021728516e+00
5.940616726875305176e-01
-6.745480895042419434e-01
1.740175843238830566e+00
5.432106256484985352e-01
4.241764247417449951e-01
-2.837302982807159424e-01
1.154255151748657227e+00
9.682720303535461426e-01
1.352486491203308105e+00
-8.730931878089904785e-01
-1.275850981473922729e-01
-9.689220190048217773e-01
-3.064448535442352295e-01
7.380052208900451660e-01
8.882142901420593262e-01
7.057629227638244629e-01
-5.324063897132873535e-01
-9.081585705280303955e-02
8.102459311485290527e-01
-2.254913806915283203e+00
-2.650784142315387726e-02
2.084600329399108887e-01
-8.916348218917846680e-01
-9.960296154022216797e-01
-2.360455393791198730e-01
9.871799349784851074e-01
-1.080094814300537109e+00
1.571643114089965820e+00
1.702118396759033203e+00
8.443334698677062988e-01
1.182704925537109375e+00
-5.697602033615112305e-01
1.294069886207580566e-01
1.583386898040771484e+00
-7.593793869018554688e-01
-1.223919153213500977e+00
-1.845988035202026367e+00
-1.859662652015686035e+00
1.673316240310668945e+00
-8.513807058334350586e-01
1.276913046836853027e+00
9.230746030807495117e-01
-4.821736514568328857e-01
5.169072747230529785e-01
6.496806144714355469e-01
-2.159746408462524414e+00
-5.416592955589294434e-02
-2.221291542053222656e+00
7.725606560707092285e-01
7.526263594627380371e-01
3.030741512775421143e-01
