8.424993157386779785e-01
4.930542707443237305e-01
-1.254688978195190430e+00
-1.496165990829467773e-01
2.177953004837036133e+00
-6.127403378486633301e-01
-1.453849434852600098e+00
-3.213097453117370605e-01
2.784344255924224854e-01
-4.950578510761260986e-01
-3.173172771930694580e-01
3.947870731353759766e-01
6.399836540222167969e-01
-1.345235824584960938e+00
-2.968401610851287842e-01
5.244164466857910156e-01
-1.054687738418579102e+00
-8.982861638069152832e-01
1.421599984169006348e+00
1.814639806747436523e+00
4.655863717198371887e-02
-1.149617671966552734e+00
-5.863190293312072754e-01
6.478160619735717773e-01
-2.275220155715942383e+00
-2.019137591123580933e-01
-2.938865721225738525e-01
-1.930433988571166992e+00
7.006877660751342773e-01
-1.414804816246032715e+00
-2.065015286207199097e-01
-1.104594588279724121e+00
5.039293766021728516e-01
1.439097642898559570e+00
1.371876716613769531e+00
5.752002000808715820e-01
-6.751167774200439453e-01
-1.004749059677124023e+00
-7.490963339805603027e-01
4.484940767288208008e-01
-5.059969425201416016e-01
1.028916358947753906e+00
3.359659612178802490e-01
3.211885690689086914e-01
3.294720947742462158e-01
1.560223996639251709e-01
8.691754937171936035e-02
1.726153492927551270e+00
1.189159035682678223e+00
4.840901792049407959e-01
1.049881696701049805e+00
3.812547624111175537e-01
-1.272729754447937012e+00
-9.738389402627944946e-02
-6.020861864089965820e-01
-1.398866921663284302e-01
-5.210667848587036133e-01
1.365935802459716797e+00
2.639120578765869141e+00
-1.770233035087585449e+00
6.694916486740112305e-01
-2.253604978322982788e-01
1.629930734634399414e+00
6.200827956199645996e-01
1.321714639663696289e+00
6.929256916046142578e-01
-1.492058932781219482e-01
-8.233814835548400879e-01
-1.881034255027770996e+00
-1.181597948074340820e+00
2.993576824665069580e-01
5.991914272308349609e-01
2.337048500776290894e-01
3.568164408206939697e-01
-8.306571245193481445e-01
-1.216194748878479004e+00
-1.139528870582580566e+00
-7.014271616935729980e-01
-7.663524150848388672e-01
4.424107968807220459e-01
-6.582167148590087891e-01
3.462995290756225586e-01
2.051473855972290039e+00
-8.055688738822937012e-01
4.684273898601531982e-01
-1.642508506774902344e+00
5.021654963493347168e-01
7.179440259933471680e-01
-9.370323419570922852e-01
-6.377629637718200684e-01
-7.957826852798461914e-01
1.030872941017150879e+00
-3.401725292205810547e-01
-4.901538193225860596e-01
4.561237618327140808e-02
-1.367399990558624268e-01
4.091134667396545410e-01
1.338457584381103516e+00
8.476675301790237427e-02
-9.301029443740844727e-01
