5.489843487739562988e-01
-2.219858884811401367e+00
-1.453416943550109863e+00
8.370141386985778809e-01
3.336398303508758545e-01
-9.069989919662475586e-01
-3.016854226589202881e-01
-9.453313946723937988e-01
2.444615215063095093e-01
1.032382026314735413e-01
-1.121364355087280273e+00
-6.210336089134216309e-01
-1.009120345115661621e+00
5.752586722373962402e-01
-1.051490068435668945e+00
-9.919595122337341309e-01
6.175285577774047852e-01
1.693799018859863281e+00
-1.134277805685997009e-01
5.514273643493652344e-01
5.253604054450988770e-01
2.473268657922744751e-01
8.000985532999038696e-02
-1.411658167839050293e+00
2.260386012494564056e-02
-3.480131924152374268e-01
1.376904129981994629e+00
-1.419004917144775391e+00
-7.286183834075927734e-01
7.319659590721130371e-01
4.091973900794982910e-01
-7.863685488700866699e-01
1.023171424865722656e+00
1.463755965232849121e+00
-6.472731828689575195e-01
-6.145857572555541992e-01
7.578456401824951172e-01
-4.626118391752243042e-02
-9.774886369705200195e-01
-1.549891471862792969e+00
1.907349467277526855e+00
-2.462744951248168945e+00
-1.429131627082824707e+00
4.088576734066009521e-01
-6.561993956565856934e-01
1.210215449333190918e+00
-2.890649437904357910e-01
-2.799640893936157227e-01
1.257169485092163086e+00
2.537923455238342285e-01
6.423414945602416992e-01
2.062215507030487061e-01
1.851515531539916992e+00
4.380025565624237061e-01
-2.002536535263061523e+00
1.854500889778137207e+00
6.825773715972900391e-01
-1.101909041404724121e+00
3.240052163600921631e-01
-3.646856546401977539e-01
-4.087357521057128906e-01
-1.753328293561935425e-01
-9.588266611099243164e-01
3.723611235618591309e-01
-1.727978110313415527e+00
-1.028018116950988770e+00
9.227472543716430664e-01
-1.430626392364501953e+00
8.513867259025573730e-01
-1.919653415679931641e-01
-1.640953540802001953e+00
1.318327546119689941e+00
-9.194279462099075317e-02
-8.753200769424438477e-01
1.401510834693908691e+00
-1.833724379539489746e+00
-1.195582270622253418e+00
7.810499668121337891e-01
-2.734081447124481201e-01
-6.988559365272521973e-01
-1.131885409355163574e+00
3.038448691368103027e-01
1.322524547576904297e+00
-9.187918305397033691e-01
1.227982565760612488e-01
-8.203323483467102051e-01
-4.879518449306488037e-01
5.423767566680908203e-01
4.406804442405700684e-01
1.064434528350830078e+00
-1.358970761299133301e+00
-1.428339958190917969e+00
-3.369972705841064453e-01
5.522505044937133789e-01
1.480694532394409180e+00
-2.276429086923599243e-01
6.178058385848999023e-01
-3.750632703304290771e-01
-2.727763354778289795e-01
-1.117842197418212891e-01
