1.211335778236389160e+00
-4.354317486286163330e-01
-4.200767874717712402e-01
-1.345559716224670410e+00
-1.575250267982482910e+00
-1.700650215148925781e+00
-2.226612091064453125e+00
5.151101350784301758e-01
-1.484247088432312012e+00
1.341983914375305176e+00
-1.410097837448120117e+00
-2.262886285781860352e+00
7.060828208923339844e-01
-1.800888404250144958e-02
-2.239514350891113281e+00
1.064201593399047852e+00
-3.452531993389129639e-01
8.627052307128906250e-01
1.442974448204040527e+00
-1.263360977172851562e+00
1.397959232330322266e+00
8.001932501792907715e-01
-9.098625779151916504e-01
2.573820054531097412e-01
3.969319164752960205e-01
-1.879884123802185059e+00
-1.479020833969116211e+00
-9.399173408746719360e-02
-5.456278920173645020e-01
-1.021976828575134277e+00
-6.793022751808166504e-01
-5.060282945632934570e-01
3.801794946193695068e-01
1.450884193181991577e-01
-4.317968785762786865e-01
-3.579903244972229004e-01
6.160708069801330566e-01
-1.361951708793640137e+00
-1.699016332626342773e+00
-1.687764525413513184e+00
7.769514322280883789e-01
1.111739516258239746e+00
4.749939739704132080e-01
-3.111245632171630859e-01
-7.911347746849060059e-01
9.290269613265991211e-01
-2.772800065577030182e-02
-8.286110162734985352e-01
-4.087452292442321777e-01
3.670784533023834229e-01
4.079915285110473633e-01
-1.915876418352127075e-01
-3.051216304302215576e-01
-5.202952623367309570e-01
2.337227612733840942e-01
-9.642164111137390137e-01
1.827274918556213379e+00
9.254517555236816406e-01
5.373693704605102539e-01
1.639036893844604492e+00
-8.586838841438293457e-01
2.670142948627471924e-01
7.767853736877441406e-01
-4.167145788669586182e-01
-1.228637814521789551e+00
3.532790020108222961e-02
1.438752889633178711e+00
1.115862250328063965e+00
-2.147629499435424805e+00
-3.570466116070747375e-02
-2.447016239166259766e-01
7.107692956924438477e-02
-1.693510651588439941e+00
4.554582834243774414e-01
8.018645048141479492e-01
2.095706760883331299e-01
-4.983299374580383301e-01
8.609212040901184082e-01
6.795617938041687012e-01
9.613611549139022827e-02
-4.993882775306701660e-01
9.662784337997436523e-01
1.635847926139831543e+00
4.208224713802337646e-01
-1.718783378601074219e-01
-2.165463417768478394e-01
8.304975032806396484e-01
-1.022998988628387451e-01
-5.655480027198791504e-01
1.380607962608337402e+00
6.328803896903991699e-01
1.077118873596191406e+00
-6.392114758491516113e-01
-5.157409906387329102e-01
-1.228600069880485535e-01
-1.397983431816101074e-01
-1.052942052483558655e-01
3.288442492485046387e-01
-1.186487197875976562e+00
7.371175289154052734e-01
