-3.630685210227966309e-01
1.072883844375610352e+00
-2.888298034667968750e-01
2.508974075317382812e-01
1.085011959075927734e+00
-1.591286808252334595e-01
-1.454071164131164551e+00
-2.066635191440582275e-01
-4.912357032299041748e-01
-2.823099792003631592e-01
9.674343466758728027e-01
5.643514394760131836e-01
-7.993286103010177612e-02
-6.939111948013305664e-01
-2.896340131759643555e+00
7.863872647285461426e-01
-1.326120257377624512e+00
-1.102389216423034668e+00
-7.082339525222778320e-01
-4.039159119129180908e-01
5.167874693870544434e-01
1.021853446960449219e+00
-1.677451968193054199e+00
1.115498542785644531e+00
1.800821185111999512e+00
5.934665724635124207e-02
-1.386222362518310547e+00
5.987934470176696777e-01
-3.826540112495422363e-01
1.642863392829895020e+00
-8.310673832893371582e-01
-9.807242751121520996e-01
4.599471390247344971e-01
-9.061717391014099121e-01
-7.605221867561340332e-02
-7.374172806739807129e-01
-5.930446982383728027e-01
1.649749875068664551e+00
-7.358335256576538086e-01
-1.008467912673950195e+00
-7.388052344322204590e-01
-1.169737219810485840e+00
9.330353736877441406e-01
-3.688044548034667969e-01
-4.599680602550506592e-01
1.653126478195190430e-01
-3.565580248832702637e-01
6.858655214309692383e-01
-5.285136699676513672e-01
-2.410960197448730469e-01
2.070016460493206978e-03
-1.793732345104217529e-01
-7.368836402893066406e-01
8.781496882438659668e-01
1.343914747238159180e+00
-1.002128720283508301e+00
1.469387412071228027e-01
-1.086217522621154785e+00
-9.166900515556335449e-01
4.452736973762512207e-01
1.318609595298767090e+00
-1.600280553102493286e-01
4.627823531627655029e-01
-4.145923629403114319e-02
1.428773522377014160e+00
-1.136634588241577148e+00
-1.657577395439147949e+00
-8.426467180252075195e-01
1.663129210472106934e+00
2.111596912145614624e-01
2.933770120143890381e-01
-1.009667277336120605e+00
-1.048289179801940918e+00
-1.238015890121459961e+00
4.618185460567474365e-01
3.911412954330444336e-01
-9.568647742271423340e-01
1.269550561904907227e+00
-1.711590290069580078e+00
1.129327058792114258e+00
-2.723551988601684570e-01
2.402397841215133667e-01
1.804641127586364746e+00
-5.351256728172302246e-01
-7.467651367187500000e-01
7.825936675071716309e-01
-1.716699361801147461e+00
-1.364470243453979492e+00
-3.202902972698211670e-01
-1.137188434600830078e+00
-1.409950256347656250e+00
-1.509882330894470215e+00
-8.749098777770996094e-01
-4.891056567430496216e-02
2.271114885807037354e-01
-7.816449999809265137e-01
8.647298216819763184e-01
-1.141100764274597168e+00
6.019369959831237793e-01
5.553709268569946289e-01
